                                              ids  ...                                tracker_confidences
0                        [0, 1, 2, 3, 4, 5, 6, 7]  ...           [1.0, 1.0, 1.0, 1.0, 1.0, 1.0, 1.0, 1.0]
1                  [0, 1, 2, 3, 4, 5, 6, 7, 8, 9]  ...  [1.0, 1.0, 1.0, 1.0, 1.0, 1.0, 1.0, 1.0, 1.0, ...
2                  [0, 1, 2, 3, 4, 5, 6, 7, 8, 9]  ...  [1.0, 1.0, 1.0, 1.0, 1.0, 1.0, 1.0, 1.0, 1.0, ...
3                  [0, 1, 2, 3, 4, 5, 6, 7, 8, 9]  ...  [1.0, 1.0, 1.0, 1.0, 1.0, 1.0, 1.0, 1.0, 1.0, ...
4                  [0, 1, 2, 3, 4, 5, 6, 7, 8, 9]  ...  [1.0, 1.0, 1.0, 1.0, 1.0, 1.0, 1.0, 1.0, 1.0, ...
..                                            ...  ...                                                ...
595  [13, 20, 30, 31, 32, 33, 38, 42, 43, 44, 46]  ...  [1.0, 1.0, 1.0, 1.0, 1.0, 1.0, 1.0, 1.0, 1.0, ...
596  [13, 20, 30, 31, 32, 33, 38, 42, 43, 44, 46]  ...  [1.0, 1.0, 1.0, 1.0, 1.0, 1.0, 1.0, 1.0, 1.0, ...
597  [13, 20, 30, 31, 32, 33, 38, 42, 43, 44, 46]  ...  [1.0, 1.0, 1.0, 1.0, 1.0, 1.0, 1.0, 1.0, 1.0, ...
598  [13, 20, 30, 31, 32, 33, 38, 42, 43, 44, 46]  ...  [1.0, 1.0, 1.0, 1.0, 1.0, 1.0, 1.0, 1.0, 1.0, ...
599  [13, 20, 30, 31, 32, 33, 38, 42, 43, 44, 46]  ...                                               None

[600 rows x 4 columns]