1, 5, 210, 971, 54, 35, 1,1,1
1, 3, 44, 815, 85, 76, 1,1,1
1, 1, 1706, 990, 106, 33, 1,1,1
2, 5, 210, 970, 54, 36, 1,1,1
2, 3, 45, 814, 84, 78, 1,1,1
2, 1, 1706, 990, 106, 33, 1,1,1
3, 5, 210, 971, 53, 35, 1,1,1
3, 3, 45, 813, 84, 81, 1,1,1
3, 1, 1702, 989, 104, 34, 1,1,1
4, 5, 210, 971, 53, 35, 1,1,1
4, 3, 45, 818, 85, 75, 1,1,1
4, 1, 1704, 984, 92, 38, 1,1,1
5, 5, 210, 971, 53, 35, 1,1,1
5, 3, 44, 818, 87, 75, 1,1,1
5, 1, 1703, 984, 93, 38, 1,1,1
6, 5, 210, 971, 54, 36, 1,1,1
6, 3, 47, 822, 82, 71, 1,1,1
6, 1, 1702, 986, 90, 36, 1,1,1
7, 5, 211, 971, 53, 36, 1,1,1
7, 3, 47, 821, 82, 72, 1,1,1
7, 1, 1703, 984, 89, 38, 1,1,1
8, 5, 211, 971, 55, 36, 1,1,1
8, 3, 49, 823, 81, 69, 1,1,1
8, 1, 1699, 985, 90, 36, 1,1,1
9, 5, 211, 971, 55, 36, 1,1,1
9, 3, 51, 823, 79, 69, 1,1,1
9, 1, 1699, 985, 90, 36, 1,1,1
10, 5, 210, 966, 54, 40, 1,1,1
10, 3, 29, 824, 99, 68, 1,1,1
10, 1, 1695, 985, 91, 36, 1,1,1
11, 5, 210, 966, 54, 40, 1,1,1
11, 3, 29, 824, 99, 68, 1,1,1
11, 1, 1695, 985, 91, 36, 1,1,1
12, 5, 212, 974, 64, 31, 1,1,1
12, 3, 32, 824, 98, 67, 1,1,1
12, 1, 1700, 986, 80, 32, 1,1,1
13, 6, 32, 635, 57, 117, 1,1,1
13, 5, 212, 974, 64, 31, 1,1,1
13, 3, 32, 824, 98, 66, 1,1,1
13, 1, 1700, 985, 80, 33, 1,1,1
14, 5, 211, 974, 55, 31, 1,1,1
14, 3, 28, 823, 104, 69, 1,1,1
14, 1, 1699, 983, 76, 41, 1,1,1
15, 7, 747, 1008, 58, 42, 1,1,1
15, 5, 211, 972, 54, 33, 1,1,1
15, 3, 28, 823, 104, 69, 1,1,1
15, 1, 1700, 982, 75, 42, 1,1,1
16, 7, 745, 1008, 60, 41, 1,1,1
16, 5, 211, 966, 54, 40, 1,1,1
16, 3, 32, 825, 101, 63, 1,1,1
16, 1, 1701, 987, 67, 37, 1,1,1
17, 7, 744, 1007, 61, 42, 1,1,1
17, 5, 211, 966, 52, 39, 1,1,1
17, 3, 32, 827, 102, 62, 1,1,1
17, 1, 1697, 985, 71, 40, 1,1,1
18, 7, 738, 1005, 71, 44, 1,1,1
18, 5, 214, 971, 55, 35, 1,1,1
18, 3, 27, 824, 105, 67, 1,1,1
19, 7, 738, 1005, 71, 44, 1,1,1
19, 5, 214, 971, 56, 35, 1,1,1
19, 3, 28, 824, 105, 67, 1,1,1
20, 7, 736, 1007, 73, 41, 1,1,1
20, 5, 215, 974, 56, 32, 1,1,1
20, 3, 29, 826, 103, 63, 1,1,1
21, 10, 382, 1000, 67, 23, 1,1,1
21, 7, 736, 1008, 73, 41, 1,1,1
21, 5, 216, 975, 56, 31, 1,1,1
21, 3, 29, 826, 103, 64, 1,1,1
22, 10, 383, 1001, 65, 23, 1,1,1
22, 7, 736, 1007, 68, 41, 1,1,1
22, 5, 216, 973, 54, 33, 1,1,1
22, 3, 28, 826, 103, 63, 1,1,1
23, 10, 384, 1001, 64, 23, 1,1,1
23, 7, 736, 1006, 65, 42, 1,1,1
23, 5, 216, 972, 54, 34, 1,1,1
23, 3, 29, 826, 102, 63, 1,1,1
24, 10, 384, 1001, 65, 23, 1,1,1
24, 7, 737, 1004, 60, 44, 1,1,1
24, 5, 216, 973, 55, 33, 1,1,1
24, 3, 30, 827, 101, 64, 1,1,1
25, 13, 914, 557, 55, 141, 1,1,1
25, 10, 384, 1001, 65, 23, 1,1,1
25, 7, 737, 1004, 60, 45, 1,1,1
25, 5, 215, 972, 56, 34, 1,1,1
25, 3, 30, 827, 101, 64, 1,1,1
26, 13, 920, 586, 53, 145, 1,1,1
26, 10, 384, 1001, 64, 23, 1,1,1
26, 7, 738, 1002, 62, 47, 1,1,1
26, 5, 215, 969, 57, 38, 1,1,1
26, 3, 29, 828, 102, 65, 1,1,1
27, 13, 920, 586, 53, 145, 1,1,1
27, 10, 384, 1001, 63, 23, 1,1,1
27, 7, 738, 1002, 62, 47, 1,1,1
27, 5, 216, 970, 56, 36, 1,1,1
27, 3, 28, 828, 103, 65, 1,1,1
28, 13, 914, 611, 52, 149, 1,1,1
28, 7, 739, 999, 59, 50, 1,1,1
28, 5, 215, 972, 58, 34, 1,1,1
28, 3, 29, 828, 103, 63, 1,1,1
29, 13, 913, 611, 53, 150, 1,1,1
29, 7, 739, 999, 59, 50, 1,1,1
29, 5, 215, 971, 58, 35, 1,1,1
29, 3, 29, 828, 103, 63, 1,1,1
30, 13, 892, 640, 54, 146, 1,1,1
30, 7, 741, 999, 59, 51, 1,1,1
30, 5, 219, 974, 59, 32, 1,1,1
30, 3, 28, 828, 103, 61, 1,1,1
31, 13, 892, 639, 54, 147, 1,1,1
31, 7, 741, 999, 60, 51, 1,1,1
31, 5, 219, 973, 59, 33, 1,1,1
31, 3, 28, 829, 103, 60, 1,1,1
32, 13, 865, 668, 56, 143, 1,1,1
32, 7, 742, 995, 58, 54, 1,1,1
32, 5, 222, 973, 67, 35, 1,1,1
32, 3, 29, 829, 101, 61, 1,1,1
33, 13, 865, 668, 56, 143, 1,1,1
33, 7, 742, 995, 58, 54, 1,1,1
33, 5, 222, 973, 67, 35, 1,1,1
33, 3, 29, 829, 101, 61, 1,1,1
34, 13, 854, 699, 73, 136, 1,1,1
34, 7, 740, 988, 59, 61, 1,1,1
34, 5, 225, 972, 57, 35, 1,1,1
34, 3, 29, 830, 102, 62, 1,1,1
35, 13, 854, 699, 73, 135, 1,1,1
35, 7, 740, 988, 60, 61, 1,1,1
35, 5, 226, 972, 56, 35, 1,1,1
35, 3, 29, 830, 101, 63, 1,1,1
36, 13, 865, 717, 80, 126, 1,1,1
36, 10, 392, 1001, 58, 23, 1,1,1
36, 7, 741, 989, 64, 60, 1,1,1
36, 5, 230, 971, 50, 36, 1,1,1
36, 3, 31, 829, 102, 59, 1,1,1
37, 13, 865, 717, 80, 126, 1,1,1
37, 10, 394, 1002, 57, 22, 1,1,1
37, 7, 741, 990, 64, 59, 1,1,1
37, 5, 230, 970, 50, 37, 1,1,1
37, 3, 29, 828, 104, 60, 1,1,1
38, 13, 893, 732, 83, 111, 1,1,1
38, 7, 742, 991, 60, 57, 1,1,1
38, 5, 230, 964, 53, 42, 1,1,1
38, 3, 29, 830, 101, 56, 1,1,1
39, 14, 3, 946, 54, 32, 1,1,1
39, 13, 894, 732, 82, 111, 1,1,1
39, 7, 742, 990, 61, 58, 1,1,1
39, 5, 230, 964, 54, 42, 1,1,1
39, 3, 30, 830, 100, 56, 1,1,1
40, 14, 4, 945, 54, 34, 1,1,1
40, 7, 750, 1005, 54, 45, 1,1,1
40, 5, 230, 966, 61, 40, 1,1,1
40, 3, 30, 830, 101, 56, 1,1,1
41, 14, 4, 944, 53, 35, 1,1,1
41, 7, 750, 1005, 53, 45, 1,1,1
41, 5, 231, 965, 61, 41, 1,1,1
41, 3, 30, 829, 101, 57, 1,1,1
42, 14, 5, 945, 56, 34, 1,1,1
42, 7, 756, 993, 63, 57, 1,1,1
42, 5, 231, 961, 54, 44, 1,1,1
42, 3, 29, 828, 104, 57, 1,1,1
43, 14, 6, 944, 55, 36, 1,1,1
43, 7, 757, 994, 60, 56, 1,1,1
43, 5, 231, 961, 55, 44, 1,1,1
43, 3, 29, 829, 104, 56, 1,1,1
44, 14, 6, 944, 57, 35, 1,1,1
44, 10, 389, 1000, 56, 23, 1,1,1
44, 7, 759, 985, 59, 66, 1,1,1
44, 5, 232, 962, 54, 43, 1,1,1
44, 3, 29, 828, 106, 57, 1,1,1
45, 14, 6, 944, 57, 35, 1,1,1
45, 10, 387, 1000, 58, 23, 1,1,1
45, 7, 759, 985, 59, 66, 1,1,1
45, 5, 232, 963, 54, 42, 1,1,1
45, 3, 31, 827, 104, 57, 1,1,1
46, 14, 9, 943, 54, 37, 1,1,1
46, 10, 385, 1000, 61, 23, 1,1,1
46, 7, 750, 983, 68, 66, 1,1,1
46, 5, 199, 967, 90, 38, 1,1,1
46, 3, 28, 828, 110, 57, 1,1,1
47, 14, 9, 943, 54, 37, 1,1,1
47, 10, 386, 1000, 61, 23, 1,1,1
47, 7, 751, 983, 67, 66, 1,1,1
47, 5, 199, 967, 91, 38, 1,1,1
47, 3, 28, 828, 110, 56, 1,1,1
48, 14, 7, 940, 59, 39, 1,1,1
48, 10, 383, 999, 61, 23, 1,1,1
48, 7, 756, 980, 71, 68, 1,1,1
48, 5, 209, 965, 79, 40, 1,1,1
48, 3, 30, 829, 105, 56, 1,1,1
49, 14, 7, 940, 59, 39, 1,1,1
49, 10, 382, 1000, 63, 22, 1,1,1
49, 7, 756, 978, 72, 70, 1,1,1
49, 5, 210, 965, 78, 40, 1,1,1
49, 3, 29, 829, 106, 57, 1,1,1
49, 1, 1663, 993, 69, 30, 1,1,1
50, 14, 11, 939, 63, 41, 1,1,1
50, 7, 772, 971, 67, 79, 1,1,1
50, 5, 203, 966, 86, 39, 1,1,1
50, 3, 29, 830, 104, 58, 1,1,1
50, 1, 1661, 996, 71, 29, 1,1,1
51, 18, 1182, 741, 51, 138, 1,1,1
51, 14, 11, 939, 64, 41, 1,1,1
51, 7, 774, 971, 64, 79, 1,1,1
51, 5, 203, 965, 85, 40, 1,1,1
51, 3, 29, 830, 104, 58, 1,1,1
51, 1, 1661, 995, 73, 30, 1,1,1
52, 18, 1178, 761, 51, 142, 1,1,1
52, 14, 9, 940, 62, 40, 1,1,1
52, 7, 766, 967, 74, 83, 1,1,1
52, 5, 198, 968, 91, 38, 1,1,1
52, 3, 29, 831, 104, 58, 1,1,1
52, 1, 1660, 996, 74, 28, 1,1,1
53, 18, 1178, 761, 51, 142, 1,1,1
53, 14, 9, 940, 65, 40, 1,1,1
53, 7, 766, 968, 74, 82, 1,1,1
53, 5, 199, 968, 90, 38, 1,1,1
53, 3, 29, 831, 104, 58, 1,1,1
53, 1, 1660, 993, 73, 31, 1,1,1
54, 18, 1174, 784, 56, 149, 1,1,1
54, 14, 12, 938, 59, 43, 1,1,1
54, 7, 766, 968, 73, 82, 1,1,1
54, 5, 202, 968, 88, 38, 1,1,1
54, 3, 27, 830, 105, 60, 1,1,1
54, 1, 1660, 992, 68, 33, 1,1,1
55, 18, 1174, 784, 56, 152, 1,1,1
55, 14, 13, 937, 58, 44, 1,1,1
55, 7, 767, 968, 72, 82, 1,1,1
55, 5, 204, 968, 86, 38, 1,1,1
55, 3, 28, 831, 104, 59, 1,1,1
55, 1, 1659, 993, 68, 32, 1,1,1
56, 18, 1185, 808, 65, 130, 1,1,1
56, 14, 12, 936, 54, 45, 1,1,1
56, 7, 768, 968, 71, 82, 1,1,1
56, 5, 205, 967, 86, 38, 1,1,1
56, 3, 27, 831, 103, 60, 1,1,1
56, 1, 1656, 992, 72, 34, 1,1,1
57, 18, 1185, 808, 64, 130, 1,1,1
57, 14, 12, 936, 54, 45, 1,1,1
57, 7, 767, 968, 73, 82, 1,1,1
57, 5, 205, 966, 86, 38, 1,1,1
57, 3, 27, 831, 103, 60, 1,1,1
57, 1, 1656, 992, 72, 34, 1,1,1
58, 14, 11, 935, 55, 45, 1,1,1
58, 7, 768, 970, 79, 80, 1,1,1
58, 5, 207, 967, 84, 37, 1,1,1
58, 3, 28, 831, 102, 63, 1,1,1
58, 1, 1655, 993, 73, 33, 1,1,1
59, 14, 11, 935, 55, 45, 1,1,1
59, 7, 768, 969, 80, 81, 1,1,1
59, 5, 205, 967, 86, 38, 1,1,1
59, 3, 28, 832, 101, 61, 1,1,1
59, 1, 1654, 993, 74, 34, 1,1,1
60, 14, 5, 935, 56, 45, 1,1,1
60, 7, 768, 971, 85, 80, 1,1,1
60, 5, 208, 965, 83, 40, 1,1,1
60, 3, 31, 830, 101, 65, 1,1,1
60, 1, 1657, 995, 70, 29, 1,1,1
61, 14, 5, 935, 56, 45, 1,1,1
61, 7, 768, 971, 85, 80, 1,1,1
61, 5, 203, 966, 87, 39, 1,1,1
61, 3, 31, 830, 101, 65, 1,1,1
62, 14, 5, 934, 60, 46, 1,1,1
62, 7, 774, 976, 85, 74, 1,1,1
62, 5, 203, 968, 87, 38, 1,1,1
62, 3, 31, 829, 101, 67, 1,1,1
63, 14, 6, 933, 63, 47, 1,1,1
63, 7, 775, 975, 84, 76, 1,1,1
63, 5, 206, 968, 84, 38, 1,1,1
63, 3, 30, 829, 102, 67, 1,1,1
64, 14, 8, 934, 70, 46, 1,1,1
64, 7, 774, 973, 93, 77, 1,1,1
64, 5, 222, 969, 70, 37, 1,1,1
64, 3, 29, 834, 103, 62, 1,1,1
64, 1, 1653, 994, 74, 30, 1,1,1
65, 14, 9, 933, 69, 47, 1,1,1
65, 7, 774, 973, 93, 77, 1,1,1
65, 5, 223, 969, 69, 37, 1,1,1
65, 3, 28, 833, 103, 63, 1,1,1
65, 1, 1653, 994, 74, 29, 1,1,1
66, 14, 8, 932, 72, 48, 1,1,1
66, 7, 777, 972, 93, 77, 1,1,1
66, 5, 202, 970, 88, 36, 1,1,1
66, 3, 28, 831, 104, 65, 1,1,1
66, 1, 1649, 997, 77, 28, 1,1,1
67, 14, 9, 933, 71, 47, 1,1,1
67, 7, 777, 973, 94, 76, 1,1,1
67, 5, 206, 969, 85, 37, 1,1,1
67, 3, 29, 831, 103, 65, 1,1,1
67, 1, 1648, 996, 78, 29, 1,1,1
68, 14, 11, 931, 72, 50, 1,1,1
68, 7, 784, 973, 89, 76, 1,1,1
68, 5, 210, 969, 83, 37, 1,1,1
68, 3, 32, 830, 99, 67, 1,1,1
68, 1, 1644, 998, 79, 28, 1,1,1
69, 14, 11, 931, 72, 50, 1,1,1
69, 7, 787, 973, 85, 76, 1,1,1
69, 5, 211, 969, 82, 37, 1,1,1
69, 3, 32, 830, 99, 67, 1,1,1
69, 1, 1643, 998, 81, 28, 1,1,1
70, 14, 12, 929, 70, 52, 1,1,1
70, 7, 781, 971, 89, 78, 1,1,1
70, 5, 208, 969, 82, 37, 1,1,1
70, 3, 29, 828, 102, 71, 1,1,1
71, 14, 12, 929, 70, 52, 1,1,1
71, 7, 780, 971, 90, 78, 1,1,1
71, 5, 213, 968, 77, 38, 1,1,1
71, 3, 30, 828, 102, 70, 1,1,1
72, 14, 15, 928, 64, 53, 1,1,1
72, 7, 771, 971, 101, 78, 1,1,1
72, 5, 217, 968, 74, 37, 1,1,1
72, 3, 29, 827, 101, 72, 1,1,1
73, 14, 15, 928, 63, 53, 1,1,1
73, 7, 776, 971, 96, 78, 1,1,1
73, 5, 226, 967, 63, 39, 1,1,1
73, 3, 28, 828, 102, 71, 1,1,1
73, 1, 1637, 1002, 80, 25, 1,1,1
74, 14, 13, 927, 59, 53, 1,1,1
74, 7, 766, 971, 108, 78, 1,1,1
74, 5, 226, 968, 63, 38, 1,1,1
74, 3, 28, 828, 103, 71, 1,1,1
74, 1, 1632, 999, 82, 27, 1,1,1
75, 14, 13, 927, 59, 53, 1,1,1
75, 7, 763, 971, 111, 78, 1,1,1
75, 5, 227, 968, 62, 38, 1,1,1
75, 3, 28, 828, 103, 71, 1,1,1
75, 1, 1633, 999, 81, 27, 1,1,1
76, 14, 13, 922, 64, 58, 1,1,1
76, 7, 768, 970, 107, 79, 1,1,1
76, 5, 229, 968, 58, 38, 1,1,1
76, 3, 25, 828, 102, 67, 1,1,1
76, 1, 1634, 998, 81, 28, 1,1,1
77, 24, 1845, 571, 51, 152, 1,1,1
77, 14, 14, 922, 62, 58, 1,1,1
77, 7, 773, 970, 101, 79, 1,1,1
77, 5, 230, 968, 56, 38, 1,1,1
77, 3, 25, 828, 103, 67, 1,1,1
77, 1, 1635, 998, 80, 28, 1,1,1
78, 24, 1842, 555, 54, 147, 1,1,1
78, 14, 14, 920, 60, 60, 1,1,1
78, 7, 785, 971, 86, 78, 1,1,1
78, 5, 231, 968, 53, 39, 1,1,1
78, 3, 26, 829, 102, 66, 1,1,1
78, 1, 1632, 988, 84, 38, 1,1,1
79, 24, 1842, 555, 54, 147, 1,1,1
79, 14, 14, 920, 60, 60, 1,1,1
79, 7, 785, 971, 86, 78, 1,1,1
79, 5, 231, 968, 53, 40, 1,1,1
79, 3, 26, 829, 102, 66, 1,1,1
79, 1, 1632, 988, 84, 38, 1,1,1
80, 24, 1827, 529, 58, 151, 1,1,1
80, 14, 13, 918, 57, 62, 1,1,1
80, 7, 782, 971, 89, 78, 1,1,1
80, 5, 230, 969, 53, 39, 1,1,1
80, 3, 24, 829, 102, 65, 1,1,1
80, 1, 1632, 986, 85, 39, 1,1,1
81, 24, 1827, 529, 58, 150, 1,1,1
81, 14, 13, 918, 58, 61, 1,1,1
81, 7, 783, 971, 88, 78, 1,1,1
81, 5, 231, 970, 52, 38, 1,1,1
81, 3, 24, 829, 102, 65, 1,1,1
81, 1, 1631, 987, 86, 38, 1,1,1
82, 24, 1809, 502, 59, 152, 1,1,1
82, 14, 14, 914, 51, 65, 1,1,1
82, 7, 773, 971, 101, 78, 1,1,1
82, 5, 229, 971, 57, 37, 1,1,1
82, 3, 25, 825, 106, 67, 1,1,1
82, 1, 1630, 989, 86, 37, 1,1,1
83, 24, 1809, 502, 59, 152, 1,1,1
83, 14, 14, 915, 50, 64, 1,1,1
83, 7, 775, 972, 98, 77, 1,1,1
83, 5, 229, 971, 56, 36, 1,1,1
83, 3, 26, 825, 105, 68, 1,1,1
83, 1, 1631, 989, 86, 37, 1,1,1
84, 24, 1794, 471, 58, 157, 1,1,1
84, 14, 14, 914, 51, 65, 1,1,1
84, 7, 777, 975, 92, 74, 1,1,1
84, 5, 229, 971, 57, 37, 1,1,1
84, 3, 29, 828, 108, 61, 1,1,1
84, 1, 1630, 991, 84, 34, 1,1,1
85, 24, 1794, 471, 58, 157, 1,1,1
85, 14, 14, 914, 53, 65, 1,1,1
85, 7, 774, 975, 96, 74, 1,1,1
85, 5, 229, 971, 58, 37, 1,1,1
85, 3, 29, 828, 107, 61, 1,1,1
85, 1, 1630, 991, 85, 35, 1,1,1
86, 24, 1787, 440, 56, 164, 1,1,1
86, 14, 18, 913, 47, 67, 1,1,1
86, 7, 781, 975, 87, 74, 1,1,1
86, 5, 228, 972, 60, 35, 1,1,1
86, 3, 26, 821, 110, 65, 1,1,1
86, 1, 1631, 992, 84, 33, 1,1,1
87, 24, 1787, 440, 56, 164, 1,1,1
87, 14, 18, 914, 47, 66, 1,1,1
87, 7, 781, 975, 87, 74, 1,1,1
87, 5, 228, 972, 61, 35, 1,1,1
87, 3, 26, 820, 111, 66, 1,1,1
87, 1, 1631, 992, 84, 33, 1,1,1
88, 24, 1782, 413, 61, 169, 1,1,1
88, 14, 19, 912, 43, 69, 1,1,1
88, 7, 781, 977, 85, 72, 1,1,1
88, 5, 228, 973, 61, 35, 1,1,1
88, 3, 22, 820, 116, 64, 1,1,1
88, 1, 1630, 989, 86, 36, 1,1,1
89, 24, 1782, 413, 61, 169, 1,1,1
89, 14, 19, 912, 43, 69, 1,1,1
89, 7, 782, 977, 83, 72, 1,1,1
89, 5, 227, 973, 62, 34, 1,1,1
89, 3, 22, 820, 116, 64, 1,1,1
89, 1, 1629, 989, 87, 37, 1,1,1
90, 24, 1782, 394, 66, 157, 1,1,1
90, 14, 19, 911, 42, 70, 1,1,1
90, 7, 784, 977, 79, 73, 1,1,1
90, 5, 223, 973, 67, 35, 1,1,1
90, 3, 24, 823, 110, 58, 1,1,1
90, 1, 1627, 991, 92, 37, 1,1,1
91, 24, 1782, 394, 66, 157, 1,1,1
91, 14, 19, 911, 42, 70, 1,1,1
91, 7, 784, 977, 79, 73, 1,1,1
91, 5, 224, 973, 65, 34, 1,1,1
91, 3, 24, 822, 110, 59, 1,1,1
91, 1, 1627, 990, 93, 38, 1,1,1
92, 24, 1781, 382, 80, 142, 1,1,1
92, 14, 20, 908, 43, 73, 1,1,1
92, 7, 787, 978, 67, 71, 1,1,1
92, 5, 225, 973, 69, 34, 1,1,1
92, 3, 27, 825, 108, 56, 1,1,1
92, 1, 1629, 989, 90, 38, 1,1,1
93, 25, 1643, 571, 88, 120, 1,1,1
93, 24, 1781, 382, 80, 142, 1,1,1
93, 14, 20, 908, 43, 73, 1,1,1
93, 7, 787, 978, 68, 72, 1,1,1
93, 5, 226, 974, 66, 33, 1,1,1
93, 3, 27, 825, 107, 56, 1,1,1
93, 1, 1629, 989, 90, 38, 1,1,1
94, 25, 1644, 557, 83, 113, 1,1,1
94, 24, 1776, 364, 91, 117, 1,1,1
94, 14, 19, 906, 46, 74, 1,1,1
94, 7, 776, 978, 84, 72, 1,1,1
94, 5, 226, 974, 71, 33, 1,1,1
94, 3, 29, 824, 101, 57, 1,1,1
94, 1, 1627, 992, 93, 36, 1,1,1
95, 25, 1644, 557, 83, 112, 1,1,1
95, 24, 1776, 364, 91, 116, 1,1,1
95, 14, 19, 904, 45, 77, 1,1,1
95, 7, 776, 978, 84, 72, 1,1,1
95, 5, 226, 974, 71, 33, 1,1,1
95, 3, 29, 824, 102, 57, 1,1,1
95, 1, 1627, 992, 93, 36, 1,1,1
96, 24, 1777, 328, 83, 86, 1,1,1
96, 14, 20, 901, 44, 80, 1,1,1
96, 7, 775, 978, 80, 72, 1,1,1
96, 5, 224, 975, 73, 32, 1,1,1
96, 3, 31, 824, 96, 57, 1,1,1
96, 1, 1627, 992, 93, 35, 1,1,1
97, 24, 1777, 327, 83, 87, 1,1,1
97, 14, 20, 901, 44, 80, 1,1,1
97, 7, 775, 979, 80, 72, 1,1,1
97, 5, 224, 975, 73, 32, 1,1,1
97, 3, 32, 824, 95, 57, 1,1,1
97, 1, 1627, 992, 92, 34, 1,1,1
98, 14, 19, 898, 47, 83, 1,1,1
98, 7, 775, 980, 68, 70, 1,1,1
98, 5, 223, 973, 70, 34, 1,1,1
98, 3, 38, 824, 81, 61, 1,1,1
98, 1, 1628, 995, 91, 30, 1,1,1
99, 14, 19, 898, 47, 83, 1,1,1
99, 7, 776, 980, 67, 70, 1,1,1
99, 5, 224, 974, 70, 33, 1,1,1
99, 3, 39, 824, 80, 61, 1,1,1
99, 1, 1628, 995, 91, 30, 1,1,1
100, 14, 20, 898, 45, 82, 1,1,1
100, 7, 776, 982, 68, 68, 1,1,1
100, 5, 220, 972, 77, 35, 1,1,1
100, 3, 39, 813, 80, 76, 1,1,1
100, 1, 1630, 997, 85, 29, 1,1,1
101, 14, 20, 898, 46, 82, 1,1,1
101, 7, 776, 982, 68, 68, 1,1,1
101, 5, 220, 973, 78, 34, 1,1,1
101, 3, 38, 812, 81, 76, 1,1,1
101, 1, 1630, 997, 86, 29, 1,1,1
102, 14, 21, 897, 44, 84, 1,1,1
102, 7, 778, 982, 68, 69, 1,1,1
102, 5, 220, 973, 77, 34, 1,1,1
102, 3, 38, 783, 90, 105, 1,1,1
102, 1, 1631, 996, 93, 31, 1,1,1
103, 14, 21, 896, 44, 85, 1,1,1
103, 7, 778, 982, 68, 69, 1,1,1
103, 5, 220, 973, 77, 34, 1,1,1
103, 3, 38, 784, 90, 104, 1,1,1
103, 1, 1631, 996, 98, 31, 1,1,1
104, 14, 20, 896, 43, 84, 1,1,1
104, 7, 776, 981, 75, 70, 1,1,1
104, 5, 220, 975, 69, 30, 1,1,1
104, 3, 24, 781, 103, 115, 1,1,1
105, 14, 20, 896, 43, 84, 1,1,1
105, 7, 777, 982, 72, 69, 1,1,1
105, 5, 219, 974, 78, 32, 1,1,1
105, 3, 24, 781, 103, 115, 1,1,1
106, 14, 19, 894, 45, 86, 1,1,1
106, 7, 774, 982, 77, 68, 1,1,1
106, 5, 218, 975, 79, 31, 1,1,1
106, 3, 22, 790, 105, 103, 1,1,1
107, 14, 19, 894, 45, 86, 1,1,1
107, 7, 775, 983, 75, 67, 1,1,1
107, 5, 218, 974, 80, 32, 1,1,1
107, 3, 21, 791, 105, 101, 1,1,1
108, 14, 19, 894, 44, 85, 1,1,1
108, 7, 777, 988, 68, 62, 1,1,1
108, 5, 219, 972, 48, 33, 1,1,1
109, 27, 1259, 203, 99, 89, 1,1,1
109, 14, 19, 893, 44, 86, 1,1,1
109, 7, 777, 987, 69, 63, 1,1,1
109, 5, 219, 972, 52, 33, 1,1,1
110, 27, 1242, 198, 108, 91, 1,1,1
110, 14, 20, 892, 43, 88, 1,1,1
110, 7, 777, 986, 68, 64, 1,1,1
110, 5, 216, 975, 48, 31, 1,1,1
111, 27, 1242, 198, 108, 91, 1,1,1
111, 14, 20, 892, 43, 89, 1,1,1
111, 7, 778, 988, 65, 62, 1,1,1
111, 5, 216, 975, 50, 31, 1,1,1
112, 27, 1234, 203, 115, 90, 1,1,1
112, 14, 20, 891, 45, 89, 1,1,1
112, 7, 778, 984, 61, 66, 1,1,1
112, 5, 215, 972, 48, 33, 1,1,1
113, 27, 1234, 203, 115, 90, 1,1,1
113, 14, 20, 891, 45, 89, 1,1,1
113, 7, 780, 983, 58, 67, 1,1,1
113, 5, 215, 972, 48, 33, 1,1,1
114, 27, 1235, 204, 119, 80, 1,1,1
114, 14, 20, 893, 46, 86, 1,1,1
114, 7, 776, 981, 66, 69, 1,1,1
114, 5, 214, 973, 52, 32, 1,1,1
114, 3, 50, 816, 86, 62, 1,1,1
114, 1, 1637, 1003, 78, 24, 1,1,1
115, 27, 1235, 204, 119, 80, 1,1,1
115, 14, 20, 893, 46, 86, 1,1,1
115, 7, 776, 981, 67, 69, 1,1,1
115, 5, 215, 972, 52, 34, 1,1,1
115, 3, 49, 816, 86, 62, 1,1,1
115, 1, 1637, 1003, 77, 24, 1,1,1
116, 27, 1228, 192, 114, 59, 1,1,1
116, 14, 22, 886, 46, 94, 1,1,1
116, 7, 776, 981, 66, 69, 1,1,1
116, 5, 214, 972, 51, 33, 1,1,1
116, 3, 58, 815, 73, 61, 1,1,1
116, 1, 1641, 1003, 72, 25, 1,1,1
117, 27, 1228, 192, 114, 59, 1,1,1
117, 14, 22, 887, 46, 92, 1,1,1
117, 7, 776, 981, 66, 69, 1,1,1
117, 5, 213, 970, 53, 36, 1,1,1
117, 3, 58, 815, 73, 61, 1,1,1
117, 1, 1642, 1003, 70, 25, 1,1,1
118, 14, 21, 884, 49, 95, 1,1,1
118, 7, 776, 981, 67, 69, 1,1,1
118, 5, 215, 970, 51, 36, 1,1,1
118, 3, 56, 813, 71, 62, 1,1,1
118, 1, 1639, 1002, 73, 27, 1,1,1
119, 14, 21, 885, 49, 94, 1,1,1
119, 7, 775, 981, 68, 69, 1,1,1
119, 5, 216, 971, 52, 35, 1,1,1
119, 3, 55, 812, 72, 63, 1,1,1
119, 1, 1642, 1001, 69, 28, 1,1,1
120, 14, 22, 883, 47, 96, 1,1,1
120, 7, 778, 981, 57, 69, 1,1,1
120, 5, 217, 973, 54, 32, 1,1,1
120, 3, 50, 809, 70, 69, 1,1,1
120, 1, 1643, 1002, 77, 26, 1,1,1
121, 14, 22, 883, 48, 96, 1,1,1
121, 7, 777, 982, 58, 68, 1,1,1
121, 5, 218, 972, 51, 33, 1,1,1
121, 3, 50, 809, 72, 68, 1,1,1
121, 1, 1643, 1003, 76, 25, 1,1,1
122, 14, 22, 884, 49, 95, 1,1,1
122, 7, 775, 981, 61, 69, 1,1,1
122, 5, 217, 974, 54, 32, 1,1,1
122, 3, 50, 805, 77, 71, 1,1,1
122, 1, 1642, 1003, 73, 26, 1,1,1
123, 14, 22, 883, 49, 96, 1,1,1
123, 7, 775, 982, 60, 68, 1,1,1
123, 5, 216, 975, 56, 31, 1,1,1
123, 3, 50, 806, 78, 70, 1,1,1
123, 1, 1642, 1002, 73, 27, 1,1,1
124, 14, 21, 884, 50, 95, 1,1,1
124, 7, 775, 982, 60, 68, 1,1,1
124, 5, 216, 974, 55, 32, 1,1,1
124, 3, 47, 798, 86, 79, 1,1,1
124, 1, 1641, 1001, 72, 28, 1,1,1
125, 14, 21, 884, 50, 95, 1,1,1
125, 7, 774, 982, 63, 68, 1,1,1
125, 5, 217, 974, 54, 32, 1,1,1
125, 3, 51, 804, 83, 72, 1,1,1
125, 1, 1641, 1002, 74, 27, 1,1,1
126, 14, 20, 883, 51, 96, 1,1,1
126, 7, 775, 982, 61, 68, 1,1,1
126, 5, 217, 972, 52, 33, 1,1,1
126, 3, 51, 804, 81, 73, 1,1,1
126, 1, 1641, 1001, 71, 28, 1,1,1
127, 14, 21, 883, 50, 96, 1,1,1
127, 7, 775, 982, 60, 68, 1,1,1
127, 5, 216, 972, 53, 33, 1,1,1
127, 3, 50, 806, 77, 72, 1,1,1
127, 1, 1642, 1001, 69, 28, 1,1,1
128, 14, 20, 883, 51, 95, 1,1,1
128, 7, 775, 982, 61, 68, 1,1,1
128, 5, 217, 970, 46, 36, 1,1,1
128, 3, 50, 806, 84, 72, 1,1,1
128, 1, 1642, 1000, 69, 29, 1,1,1
129, 14, 20, 883, 51, 96, 1,1,1
129, 7, 775, 982, 61, 68, 1,1,1
129, 5, 216, 970, 48, 36, 1,1,1
129, 3, 50, 805, 87, 73, 1,1,1
129, 1, 1643, 1000, 68, 29, 1,1,1
130, 14, 20, 885, 51, 94, 1,1,1
130, 7, 774, 981, 62, 70, 1,1,1
130, 5, 216, 970, 49, 36, 1,1,1
130, 3, 48, 791, 84, 85, 1,1,1
130, 1, 1639, 998, 70, 31, 1,1,1
131, 14, 20, 885, 51, 94, 1,1,1
131, 7, 774, 982, 63, 69, 1,1,1
131, 5, 216, 970, 50, 36, 1,1,1
131, 3, 48, 793, 84, 83, 1,1,1
131, 1, 1641, 995, 70, 34, 1,1,1
132, 14, 20, 887, 51, 92, 1,1,1
132, 7, 775, 979, 58, 71, 1,1,1
132, 5, 216, 970, 49, 36, 1,1,1
132, 3, 46, 784, 87, 93, 1,1,1
132, 1, 1638, 997, 73, 32, 1,1,1
133, 14, 20, 887, 51, 92, 1,1,1
133, 7, 775, 980, 58, 70, 1,1,1
133, 5, 216, 970, 52, 36, 1,1,1
133, 3, 46, 785, 88, 92, 1,1,1
133, 1, 1638, 997, 73, 32, 1,1,1
134, 14, 20, 890, 50, 89, 1,1,1
134, 7, 775, 985, 64, 65, 1,1,1
134, 5, 215, 970, 58, 36, 1,1,1
134, 3, 44, 778, 95, 95, 1,1,1
134, 1, 1638, 997, 73, 32, 1,1,1
135, 14, 20, 890, 51, 89, 1,1,1
135, 7, 775, 986, 64, 64, 1,1,1
135, 5, 215, 970, 60, 36, 1,1,1
135, 3, 44, 778, 94, 95, 1,1,1
135, 1, 1638, 997, 73, 32, 1,1,1
136, 14, 20, 890, 50, 89, 1,1,1
136, 7, 775, 980, 60, 70, 1,1,1
136, 5, 213, 970, 63, 36, 1,1,1
136, 3, 44, 787, 74, 87, 1,1,1
136, 1, 1637, 999, 72, 30, 1,1,1
137, 14, 20, 890, 50, 89, 1,1,1
137, 7, 775, 980, 60, 70, 1,1,1
137, 5, 214, 971, 62, 35, 1,1,1
137, 3, 44, 786, 75, 88, 1,1,1
137, 1, 1638, 998, 74, 31, 1,1,1
138, 14, 20, 888, 51, 91, 1,1,1
138, 7, 771, 983, 70, 67, 1,1,1
138, 5, 213, 970, 49, 36, 1,1,1
138, 3, 44, 789, 63, 84, 1,1,1
138, 1, 1637, 999, 73, 30, 1,1,1
139, 14, 20, 887, 51, 92, 1,1,1
139, 7, 771, 983, 70, 67, 1,1,1
139, 5, 213, 970, 48, 36, 1,1,1
139, 3, 45, 789, 62, 83, 1,1,1
139, 1, 1637, 999, 73, 30, 1,1,1
140, 14, 20, 888, 51, 92, 1,1,1
140, 7, 768, 983, 65, 68, 1,1,1
140, 5, 210, 971, 67, 34, 1,1,1
140, 3, 45, 777, 58, 97, 1,1,1
140, 1, 1637, 998, 75, 30, 1,1,1
141, 14, 20, 888, 51, 92, 1,1,1
141, 7, 768, 983, 64, 68, 1,1,1
141, 5, 209, 971, 67, 34, 1,1,1
141, 3, 45, 776, 58, 98, 1,1,1
141, 1, 1637, 998, 74, 31, 1,1,1
142, 14, 19, 890, 51, 89, 1,1,1
142, 7, 768, 984, 64, 66, 1,1,1
142, 5, 212, 968, 72, 39, 1,1,1
142, 3, 44, 784, 75, 86, 1,1,1
142, 1, 1639, 999, 72, 30, 1,1,1
143, 14, 19, 890, 51, 89, 1,1,1
143, 7, 768, 985, 64, 65, 1,1,1
143, 5, 212, 968, 72, 39, 1,1,1
143, 3, 43, 784, 76, 85, 1,1,1
143, 1, 1639, 999, 72, 30, 1,1,1
144, 14, 21, 895, 51, 83, 1,1,1
144, 7, 765, 983, 72, 67, 1,1,1
144, 5, 208, 971, 65, 35, 1,1,1
144, 3, 24, 775, 100, 87, 1,1,1
144, 1, 1638, 999, 73, 29, 1,1,1
145, 14, 21, 895, 51, 83, 1,1,1
145, 7, 764, 984, 73, 66, 1,1,1
145, 5, 208, 971, 64, 35, 1,1,1
145, 3, 28, 775, 96, 86, 1,1,1
145, 1, 1638, 999, 71, 29, 1,1,1
146, 14, 21, 893, 49, 85, 1,1,1
146, 7, 764, 984, 75, 66, 1,1,1
146, 5, 208, 970, 79, 37, 1,1,1
146, 3, 42, 769, 86, 76, 1,1,1
146, 1, 1638, 999, 72, 29, 1,1,1
147, 14, 21, 893, 49, 85, 1,1,1
147, 7, 764, 984, 76, 66, 1,1,1
147, 5, 208, 971, 71, 36, 1,1,1
147, 3, 43, 768, 85, 75, 1,1,1
147, 1, 1637, 998, 74, 31, 1,1,1
148, 14, 21, 897, 47, 81, 1,1,1
148, 7, 764, 985, 74, 65, 1,1,1
148, 5, 209, 971, 57, 35, 1,1,1
148, 1, 1638, 1000, 70, 29, 1,1,1
149, 14, 21, 897, 47, 81, 1,1,1
149, 7, 764, 985, 73, 65, 1,1,1
149, 5, 209, 971, 53, 35, 1,1,1
149, 1, 1637, 1000, 71, 29, 1,1,1
150, 14, 22, 897, 46, 81, 1,1,1
150, 7, 764, 985, 73, 65, 1,1,1
150, 5, 208, 971, 53, 35, 1,1,1
150, 1, 1637, 1000, 71, 29, 1,1,1
151, 14, 22, 896, 47, 81, 1,1,1
151, 7, 764, 985, 71, 65, 1,1,1
151, 5, 207, 970, 50, 35, 1,1,1
151, 1, 1637, 1001, 70, 28, 1,1,1
152, 14, 23, 890, 45, 87, 1,1,1
152, 7, 765, 985, 68, 66, 1,1,1
152, 5, 208, 969, 49, 36, 1,1,1
152, 1, 1638, 1001, 67, 27, 1,1,1
153, 14, 23, 889, 46, 87, 1,1,1
153, 7, 765, 985, 67, 65, 1,1,1
153, 5, 208, 969, 49, 36, 1,1,1
153, 1, 1639, 1001, 67, 28, 1,1,1
154, 14, 22, 888, 47, 91, 1,1,1
154, 7, 766, 987, 67, 63, 1,1,1
154, 5, 208, 969, 49, 36, 1,1,1
154, 1, 1638, 999, 69, 30, 1,1,1
155, 14, 23, 889, 46, 90, 1,1,1
155, 7, 765, 987, 67, 63, 1,1,1
155, 5, 209, 969, 48, 36, 1,1,1
155, 1, 1638, 999, 69, 30, 1,1,1
156, 14, 23, 893, 48, 85, 1,1,1
156, 7, 762, 986, 71, 64, 1,1,1
156, 5, 209, 970, 50, 36, 1,1,1
156, 1, 1637, 999, 65, 29, 1,1,1
157, 14, 23, 893, 48, 85, 1,1,1
157, 7, 763, 987, 68, 63, 1,1,1
157, 5, 209, 970, 50, 36, 1,1,1
157, 1, 1636, 999, 63, 29, 1,1,1
158, 14, 23, 891, 49, 87, 1,1,1
158, 7, 766, 992, 63, 58, 1,1,1
158, 5, 210, 971, 48, 35, 1,1,1
158, 1, 1637, 1000, 74, 28, 1,1,1
159, 14, 23, 891, 49, 87, 1,1,1
159, 7, 766, 992, 63, 58, 1,1,1
159, 5, 210, 971, 48, 35, 1,1,1
159, 1, 1637, 1000, 74, 28, 1,1,1
160, 14, 23, 891, 49, 87, 1,1,1
160, 7, 765, 991, 64, 59, 1,1,1
160, 5, 210, 971, 48, 35, 1,1,1
160, 1, 1637, 1000, 74, 28, 1,1,1
161, 14, 19, 881, 53, 95, 1,1,1
161, 7, 762, 990, 67, 61, 1,1,1
161, 5, 210, 971, 48, 35, 1,1,1
161, 1, 1637, 1000, 74, 28, 1,1,1
162, 14, 19, 881, 53, 95, 1,1,1
162, 7, 761, 988, 67, 63, 1,1,1
162, 5, 210, 971, 48, 35, 1,1,1
162, 1, 1638, 1000, 73, 28, 1,1,1
163, 14, 20, 881, 51, 95, 1,1,1
163, 7, 761, 988, 67, 63, 1,1,1
163, 5, 209, 971, 56, 35, 1,1,1
163, 1, 1639, 999, 72, 29, 1,1,1
164, 14, 20, 881, 52, 95, 1,1,1
164, 7, 761, 988, 66, 63, 1,1,1
164, 5, 209, 971, 55, 35, 1,1,1
164, 1, 1640, 1000, 70, 28, 1,1,1
165, 14, 23, 884, 48, 92, 1,1,1
165, 7, 763, 992, 58, 58, 1,1,1
165, 5, 209, 971, 51, 35, 1,1,1
165, 1, 1640, 998, 72, 30, 1,1,1
166, 14, 23, 884, 48, 93, 1,1,1
166, 7, 762, 991, 59, 59, 1,1,1
166, 5, 209, 971, 48, 34, 1,1,1
166, 1, 1640, 998, 72, 30, 1,1,1
167, 14, 24, 884, 48, 94, 1,1,1
167, 7, 760, 992, 56, 58, 1,1,1
167, 5, 209, 971, 45, 34, 1,1,1
167, 1, 1642, 999, 69, 29, 1,1,1
168, 14, 24, 884, 48, 93, 1,1,1
168, 7, 760, 993, 55, 56, 1,1,1
168, 5, 209, 971, 44, 34, 1,1,1
168, 1, 1642, 999, 69, 29, 1,1,1
169, 14, 25, 885, 46, 92, 1,1,1
169, 7, 759, 993, 62, 57, 1,1,1
169, 5, 210, 971, 43, 34, 1,1,1
169, 1, 1642, 999, 70, 29, 1,1,1
170, 14, 25, 885, 46, 92, 1,1,1
170, 7, 759, 993, 60, 57, 1,1,1
170, 5, 210, 971, 43, 34, 1,1,1
170, 1, 1641, 999, 71, 29, 1,1,1
171, 14, 24, 887, 45, 92, 1,1,1
171, 7, 753, 993, 63, 57, 1,1,1
171, 5, 208, 970, 45, 34, 1,1,1
171, 1, 1641, 999, 70, 29, 1,1,1
172, 14, 24, 887, 45, 92, 1,1,1
172, 7, 753, 993, 63, 57, 1,1,1
172, 5, 208, 970, 45, 34, 1,1,1
172, 1, 1641, 999, 70, 29, 1,1,1
173, 14, 22, 884, 41, 93, 1,1,1
173, 7, 751, 993, 66, 56, 1,1,1
173, 5, 208, 970, 46, 34, 1,1,1
173, 1, 1641, 999, 69, 30, 1,1,1
174, 14, 22, 884, 40, 93, 1,1,1
174, 7, 751, 993, 66, 56, 1,1,1
174, 5, 208, 970, 47, 34, 1,1,1
174, 1, 1641, 1000, 69, 29, 1,1,1
175, 14, 21, 886, 41, 91, 1,1,1
175, 7, 750, 993, 69, 57, 1,1,1
175, 5, 208, 971, 49, 33, 1,1,1
175, 1, 1638, 999, 71, 30, 1,1,1
176, 47, 0, 854, 24, 73, 1,1,1
176, 14, 21, 886, 41, 91, 1,1,1
176, 7, 750, 993, 69, 57, 1,1,1
176, 5, 208, 971, 48, 33, 1,1,1
176, 1, 1637, 999, 72, 30, 1,1,1
177, 47, 1, 862, 15, 76, 1,1,1
177, 14, 19, 884, 41, 94, 1,1,1
177, 7, 749, 992, 70, 58, 1,1,1
177, 5, 208, 969, 47, 35, 1,1,1
177, 1, 1636, 1000, 69, 29, 1,1,1
178, 47, 1, 862, 15, 76, 1,1,1
178, 14, 19, 885, 41, 93, 1,1,1
178, 7, 749, 992, 70, 58, 1,1,1
178, 5, 208, 969, 47, 35, 1,1,1
178, 1, 1637, 1000, 65, 29, 1,1,1
179, 47, 1, 868, 13, 89, 1,1,1
179, 14, 24, 887, 38, 89, 1,1,1
179, 7, 748, 992, 68, 58, 1,1,1
179, 5, 208, 969, 49, 35, 1,1,1
179, 1, 1637, 998, 70, 30, 1,1,1
180, 47, 1, 868, 13, 88, 1,1,1
180, 14, 24, 887, 38, 89, 1,1,1
180, 7, 747, 992, 70, 58, 1,1,1
180, 5, 208, 969, 49, 35, 1,1,1
180, 1, 1637, 999, 65, 30, 1,1,1
181, 47, 0, 872, 13, 92, 1,1,1
181, 14, 22, 888, 40, 91, 1,1,1
181, 7, 744, 991, 74, 59, 1,1,1
181, 5, 210, 971, 79, 35, 1,1,1
181, 1, 1638, 999, 67, 30, 1,1,1
182, 47, 0, 872, 13, 91, 1,1,1
182, 14, 22, 888, 40, 91, 1,1,1
182, 7, 743, 991, 77, 59, 1,1,1
182, 5, 210, 971, 80, 35, 1,1,1
182, 1, 1638, 998, 66, 31, 1,1,1
183, 47, 0, 876, 16, 92, 1,1,1
183, 14, 23, 889, 65, 91, 1,1,1
183, 7, 743, 990, 78, 60, 1,1,1
183, 5, 210, 971, 83, 35, 1,1,1
183, 1, 1638, 1000, 70, 29, 1,1,1
184, 47, 0, 876, 16, 91, 1,1,1
184, 14, 23, 889, 65, 91, 1,1,1
184, 7, 742, 990, 78, 60, 1,1,1
184, 5, 210, 971, 82, 35, 1,1,1
184, 1, 1638, 1000, 70, 29, 1,1,1
185, 47, 0, 866, 15, 101, 1,1,1
185, 14, 24, 891, 40, 87, 1,1,1
185, 7, 742, 990, 75, 60, 1,1,1
185, 5, 209, 970, 55, 35, 1,1,1
185, 1, 1639, 999, 66, 30, 1,1,1
186, 47, 0, 866, 15, 101, 1,1,1
186, 14, 24, 891, 40, 87, 1,1,1
186, 7, 743, 990, 73, 60, 1,1,1
186, 5, 210, 970, 54, 35, 1,1,1
186, 1, 1640, 999, 66, 30, 1,1,1
187, 47, 0, 871, 17, 95, 1,1,1
187, 14, 24, 892, 39, 86, 1,1,1
187, 7, 744, 991, 72, 58, 1,1,1
187, 5, 209, 970, 57, 35, 1,1,1
187, 1, 1639, 999, 67, 30, 1,1,1
188, 49, 163, 431, 42, 131, 1,1,1
188, 47, 0, 870, 17, 96, 1,1,1
188, 14, 24, 892, 38, 86, 1,1,1
188, 7, 743, 992, 74, 57, 1,1,1
188, 5, 209, 970, 58, 35, 1,1,1
188, 1, 1637, 1000, 70, 29, 1,1,1
189, 49, 170, 490, 45, 135, 1,1,1
189, 47, 0, 877, 16, 90, 1,1,1
189, 14, 25, 894, 39, 85, 1,1,1
189, 7, 743, 992, 72, 57, 1,1,1
189, 5, 209, 970, 52, 35, 1,1,1
189, 1, 1636, 999, 69, 30, 1,1,1
190, 49, 170, 490, 45, 135, 1,1,1
190, 47, 0, 877, 16, 90, 1,1,1
190, 14, 25, 894, 38, 85, 1,1,1
190, 7, 744, 992, 70, 57, 1,1,1
190, 5, 209, 969, 50, 35, 1,1,1
190, 1, 1635, 1000, 72, 29, 1,1,1
191, 49, 184, 542, 42, 135, 1,1,1
191, 47, 0, 888, 21, 86, 1,1,1
191, 14, 27, 893, 40, 87, 1,1,1
191, 7, 744, 994, 68, 54, 1,1,1
191, 5, 209, 971, 51, 33, 1,1,1
191, 1, 1635, 1000, 71, 29, 1,1,1
192, 49, 184, 542, 42, 135, 1,1,1
192, 47, 0, 888, 21, 86, 1,1,1
192, 14, 27, 893, 41, 87, 1,1,1
192, 7, 744, 994, 67, 54, 1,1,1
192, 5, 210, 972, 55, 33, 1,1,1
192, 1, 1635, 1000, 72, 29, 1,1,1
193, 49, 206, 597, 46, 129, 1,1,1
193, 47, 0, 892, 24, 81, 1,1,1
193, 14, 25, 893, 52, 87, 1,1,1
193, 7, 738, 995, 72, 53, 1,1,1
193, 5, 209, 970, 55, 34, 1,1,1
193, 1, 1636, 1001, 71, 28, 1,1,1
194, 49, 206, 596, 46, 130, 1,1,1
194, 47, 0, 892, 24, 81, 1,1,1
194, 14, 25, 891, 52, 89, 1,1,1
194, 7, 739, 995, 69, 53, 1,1,1
194, 5, 208, 970, 52, 34, 1,1,1
194, 1, 1634, 1001, 73, 28, 1,1,1
195, 49, 225, 637, 47, 131, 1,1,1
195, 47, 1, 899, 24, 73, 1,1,1
195, 14, 24, 893, 44, 87, 1,1,1
195, 7, 738, 997, 70, 51, 1,1,1
195, 5, 207, 967, 48, 37, 1,1,1
195, 1, 1635, 1004, 71, 25, 1,1,1
196, 49, 225, 637, 47, 131, 1,1,1
196, 47, 1, 899, 24, 73, 1,1,1
196, 14, 23, 892, 44, 87, 1,1,1
196, 7, 738, 997, 70, 51, 1,1,1
196, 5, 207, 967, 47, 37, 1,1,1
196, 1, 1635, 1004, 71, 25, 1,1,1
197, 49, 239, 685, 51, 115, 1,1,1
197, 14, 28, 894, 38, 85, 1,1,1
197, 7, 738, 998, 70, 50, 1,1,1
197, 5, 207, 966, 45, 38, 1,1,1
198, 49, 239, 685, 51, 115, 1,1,1
198, 14, 28, 895, 38, 84, 1,1,1
198, 7, 738, 998, 71, 49, 1,1,1
198, 5, 207, 966, 45, 38, 1,1,1
199, 49, 245, 720, 53, 120, 1,1,1
199, 14, 29, 895, 38, 84, 1,1,1
199, 7, 737, 996, 65, 52, 1,1,1
199, 5, 207, 966, 45, 38, 1,1,1
200, 49, 245, 720, 53, 120, 1,1,1
200, 14, 29, 895, 38, 84, 1,1,1
200, 7, 737, 996, 64, 52, 1,1,1
200, 5, 207, 966, 46, 38, 1,1,1
201, 49, 243, 775, 55, 107, 1,1,1
201, 47, 0, 925, 18, 46, 1,1,1
201, 14, 28, 897, 39, 83, 1,1,1
201, 7, 730, 994, 71, 55, 1,1,1
201, 5, 207, 966, 45, 38, 1,1,1
201, 1, 1639, 1005, 79, 22, 1,1,1
202, 49, 243, 774, 55, 108, 1,1,1
202, 47, 0, 925, 18, 46, 1,1,1
202, 14, 28, 897, 38, 83, 1,1,1
202, 7, 730, 994, 71, 55, 1,1,1
202, 5, 207, 966, 45, 38, 1,1,1
202, 1, 1639, 1005, 80, 22, 1,1,1
203, 49, 224, 813, 71, 125, 1,1,1
203, 14, 28, 897, 40, 85, 1,1,1
203, 7, 727, 994, 72, 54, 1,1,1
203, 5, 206, 963, 72, 43, 1,1,1
203, 1, 1638, 1005, 81, 22, 1,1,1
204, 49, 224, 814, 71, 124, 1,1,1
204, 14, 28, 897, 41, 85, 1,1,1
204, 7, 728, 994, 69, 54, 1,1,1
204, 5, 205, 963, 74, 43, 1,1,1
204, 1, 1638, 1005, 81, 22, 1,1,1
205, 49, 212, 860, 70, 106, 1,1,1
205, 14, 26, 899, 60, 83, 1,1,1
205, 7, 723, 992, 72, 57, 1,1,1
205, 5, 207, 969, 69, 36, 1,1,1
206, 49, 212, 860, 70, 106, 1,1,1
206, 14, 26, 899, 60, 83, 1,1,1
206, 7, 724, 992, 70, 57, 1,1,1
206, 5, 207, 968, 68, 37, 1,1,1
207, 49, 194, 889, 78, 110, 1,1,1
207, 14, 26, 901, 49, 82, 1,1,1
207, 7, 725, 992, 73, 56, 1,1,1
207, 5, 232, 975, 65, 32, 1,1,1
208, 49, 193, 888, 79, 111, 1,1,1
208, 14, 27, 901, 47, 82, 1,1,1
208, 7, 724, 992, 75, 57, 1,1,1
208, 5, 231, 974, 66, 33, 1,1,1
209, 49, 183, 902, 84, 99, 1,1,1
209, 14, 28, 900, 59, 83, 1,1,1
209, 7, 722, 990, 66, 57, 1,1,1
210, 49, 183, 902, 84, 99, 1,1,1
210, 14, 27, 899, 62, 84, 1,1,1
210, 7, 722, 989, 65, 59, 1,1,1
211, 49, 179, 894, 79, 112, 1,1,1
211, 14, 27, 900, 63, 82, 1,1,1
211, 7, 723, 990, 66, 57, 1,1,1
212, 49, 179, 894, 79, 112, 1,1,1
212, 14, 27, 900, 64, 82, 1,1,1
212, 7, 723, 990, 68, 58, 1,1,1
213, 49, 183, 876, 62, 114, 1,1,1
213, 14, 26, 899, 67, 83, 1,1,1
213, 7, 725, 990, 62, 58, 1,1,1
214, 49, 183, 876, 62, 114, 1,1,1
214, 14, 26, 900, 68, 82, 1,1,1
214, 7, 724, 990, 62, 58, 1,1,1
215, 49, 186, 867, 52, 111, 1,1,1
215, 14, 24, 902, 68, 80, 1,1,1
215, 7, 723, 988, 67, 59, 1,1,1
215, 5, 208, 974, 44, 31, 1,1,1
216, 49, 186, 868, 53, 110, 1,1,1
216, 14, 24, 902, 68, 80, 1,1,1
216, 7, 722, 988, 68, 59, 1,1,1
216, 5, 209, 974, 44, 31, 1,1,1
217, 49, 181, 849, 50, 121, 1,1,1
217, 14, 22, 900, 72, 82, 1,1,1
217, 7, 719, 987, 76, 61, 1,1,1
217, 5, 207, 969, 62, 36, 1,1,1
218, 49, 181, 849, 50, 121, 1,1,1
218, 14, 22, 900, 72, 82, 1,1,1
218, 7, 720, 987, 74, 61, 1,1,1
218, 5, 208, 969, 55, 36, 1,1,1
219, 49, 178, 837, 45, 128, 1,1,1
219, 14, 21, 899, 73, 83, 1,1,1
219, 7, 719, 988, 75, 60, 1,1,1
219, 5, 206, 968, 50, 36, 1,1,1
220, 49, 178, 837, 44, 128, 1,1,1
220, 14, 21, 900, 73, 82, 1,1,1
220, 7, 719, 987, 76, 60, 1,1,1
220, 5, 206, 968, 50, 36, 1,1,1
221, 49, 182, 832, 43, 131, 1,1,1
221, 14, 21, 903, 73, 78, 1,1,1
221, 7, 717, 989, 74, 57, 1,1,1
221, 5, 206, 969, 49, 36, 1,1,1
222, 49, 182, 832, 43, 131, 1,1,1
222, 14, 21, 902, 73, 79, 1,1,1
222, 7, 717, 989, 74, 58, 1,1,1
222, 5, 206, 968, 49, 37, 1,1,1
223, 49, 188, 830, 43, 126, 1,1,1
223, 14, 22, 903, 71, 79, 1,1,1
223, 7, 714, 986, 77, 61, 1,1,1
223, 5, 208, 972, 46, 33, 1,1,1
224, 49, 188, 830, 43, 126, 1,1,1
224, 14, 22, 904, 70, 78, 1,1,1
224, 7, 714, 987, 76, 60, 1,1,1
224, 5, 208, 972, 46, 33, 1,1,1
225, 49, 186, 835, 48, 120, 1,1,1
225, 14, 20, 905, 70, 77, 1,1,1
225, 7, 714, 987, 75, 61, 1,1,1
225, 5, 208, 974, 52, 31, 1,1,1
226, 49, 186, 835, 48, 120, 1,1,1
226, 14, 20, 905, 70, 77, 1,1,1
226, 7, 713, 988, 76, 60, 1,1,1
226, 5, 208, 974, 52, 31, 1,1,1
227, 54, 0, 853, 30, 69, 1,1,1
227, 49, 176, 839, 52, 118, 1,1,1
227, 14, 20, 906, 73, 77, 1,1,1
227, 7, 713, 989, 74, 59, 1,1,1
227, 5, 209, 975, 68, 31, 1,1,1
228, 54, 0, 853, 29, 69, 1,1,1
228, 49, 177, 839, 51, 118, 1,1,1
228, 14, 20, 906, 72, 77, 1,1,1
228, 7, 713, 990, 74, 58, 1,1,1
228, 5, 209, 975, 67, 31, 1,1,1
229, 54, 0, 856, 18, 67, 1,1,1
229, 49, 157, 858, 62, 109, 1,1,1
229, 14, 19, 905, 74, 77, 1,1,1
229, 7, 712, 985, 81, 64, 1,1,1
229, 5, 209, 976, 78, 30, 1,1,1
230, 54, 0, 856, 18, 69, 1,1,1
230, 49, 157, 859, 62, 108, 1,1,1
230, 14, 19, 904, 73, 78, 1,1,1
230, 7, 712, 985, 81, 64, 1,1,1
230, 5, 208, 977, 77, 29, 1,1,1
231, 54, 0, 857, 13, 78, 1,1,1
231, 49, 133, 868, 62, 114, 1,1,1
231, 14, 20, 906, 72, 76, 1,1,1
231, 7, 712, 984, 81, 65, 1,1,1
231, 5, 209, 978, 71, 28, 1,1,1
232, 54, 0, 857, 13, 78, 1,1,1
232, 49, 132, 869, 62, 112, 1,1,1
232, 14, 20, 906, 72, 76, 1,1,1
232, 7, 712, 984, 81, 65, 1,1,1
232, 5, 208, 978, 70, 28, 1,1,1
233, 54, 0, 860, 12, 80, 1,1,1
233, 49, 121, 873, 52, 118, 1,1,1
233, 14, 20, 906, 63, 77, 1,1,1
233, 7, 712, 988, 81, 61, 1,1,1
233, 5, 208, 977, 49, 28, 1,1,1
234, 54, 0, 861, 12, 78, 1,1,1
234, 49, 121, 873, 51, 117, 1,1,1
234, 14, 20, 906, 64, 77, 1,1,1
234, 7, 712, 988, 80, 61, 1,1,1
234, 5, 208, 977, 49, 28, 1,1,1
235, 54, 0, 863, 11, 80, 1,1,1
235, 49, 118, 878, 43, 113, 1,1,1
235, 14, 20, 909, 61, 74, 1,1,1
235, 7, 711, 991, 78, 57, 1,1,1
235, 5, 208, 977, 51, 28, 1,1,1
236, 54, 0, 863, 11, 80, 1,1,1
236, 49, 118, 877, 43, 114, 1,1,1
236, 14, 20, 909, 61, 73, 1,1,1
236, 7, 711, 992, 77, 56, 1,1,1
236, 5, 209, 977, 49, 28, 1,1,1
237, 49, 120, 873, 48, 117, 1,1,1
237, 14, 18, 910, 66, 72, 1,1,1
237, 7, 708, 986, 85, 63, 1,1,1
237, 5, 208, 978, 51, 28, 1,1,1
238, 49, 121, 873, 48, 116, 1,1,1
238, 14, 18, 911, 65, 71, 1,1,1
238, 7, 708, 986, 84, 63, 1,1,1
238, 5, 208, 978, 50, 28, 1,1,1
239, 49, 125, 862, 53, 118, 1,1,1
239, 14, 19, 911, 63, 72, 1,1,1
239, 7, 707, 989, 84, 59, 1,1,1
239, 5, 208, 978, 54, 27, 1,1,1
240, 49, 125, 862, 53, 118, 1,1,1
240, 14, 19, 911, 64, 71, 1,1,1
240, 7, 707, 990, 84, 58, 1,1,1
240, 5, 209, 978, 51, 27, 1,1,1
241, 49, 138, 868, 55, 115, 1,1,1
241, 14, 19, 914, 68, 69, 1,1,1
241, 7, 704, 992, 88, 57, 1,1,1
241, 5, 209, 978, 51, 27, 1,1,1
242, 49, 138, 868, 55, 115, 1,1,1
242, 14, 19, 914, 68, 69, 1,1,1
242, 7, 704, 991, 88, 58, 1,1,1
242, 5, 209, 978, 51, 27, 1,1,1
243, 49, 153, 879, 47, 115, 1,1,1
243, 14, 18, 913, 68, 70, 1,1,1
243, 7, 704, 992, 87, 56, 1,1,1
243, 5, 208, 980, 57, 26, 1,1,1
244, 49, 153, 879, 47, 115, 1,1,1
244, 14, 18, 913, 68, 70, 1,1,1
244, 7, 704, 992, 87, 57, 1,1,1
244, 5, 208, 980, 56, 26, 1,1,1
245, 49, 157, 894, 40, 103, 1,1,1
245, 14, 17, 914, 71, 69, 1,1,1
245, 7, 703, 993, 85, 55, 1,1,1
245, 5, 209, 978, 92, 30, 1,1,1
246, 49, 157, 894, 40, 103, 1,1,1
246, 14, 17, 914, 71, 69, 1,1,1
246, 7, 703, 994, 86, 54, 1,1,1
246, 5, 209, 979, 90, 29, 1,1,1
247, 52, 1401, 1006, 43, 38, 1,1,1
247, 49, 152, 910, 45, 89, 1,1,1
247, 14, 18, 917, 64, 67, 1,1,1
247, 7, 704, 999, 81, 48, 1,1,1
247, 5, 211, 975, 90, 33, 1,1,1
248, 62, 313, 866, 96, 140, 1,1,1
248, 52, 1401, 1006, 45, 37, 1,1,1
248, 49, 152, 910, 44, 90, 1,1,1
248, 14, 18, 917, 65, 67, 1,1,1
248, 7, 704, 1000, 79, 47, 1,1,1
248, 5, 211, 975, 88, 33, 1,1,1
249, 62, 286, 907, 97, 114, 1,1,1
249, 52, 1401, 1006, 45, 38, 1,1,1
249, 49, 143, 913, 47, 86, 1,1,1
249, 14, 20, 917, 60, 67, 1,1,1
249, 7, 701, 998, 81, 49, 1,1,1
249, 5, 211, 980, 58, 26, 1,1,1
250, 62, 286, 907, 97, 114, 1,1,1
250, 52, 1401, 1007, 45, 37, 1,1,1
250, 49, 143, 912, 48, 87, 1,1,1
250, 14, 20, 917, 60, 67, 1,1,1
250, 7, 701, 999, 80, 48, 1,1,1
250, 5, 211, 981, 59, 25, 1,1,1
251, 62, 263, 931, 96, 106, 1,1,1
251, 49, 141, 918, 43, 81, 1,1,1
251, 14, 22, 919, 58, 65, 1,1,1
251, 7, 702, 1003, 77, 43, 1,1,1
251, 5, 209, 979, 49, 28, 1,1,1
252, 62, 263, 931, 95, 107, 1,1,1
252, 49, 141, 918, 42, 81, 1,1,1
252, 14, 22, 920, 58, 64, 1,1,1
252, 7, 701, 1004, 78, 42, 1,1,1
252, 5, 208, 979, 50, 28, 1,1,1
253, 62, 241, 931, 89, 109, 1,1,1
253, 49, 145, 935, 41, 63, 1,1,1
253, 14, 22, 920, 61, 64, 1,1,1
253, 7, 700, 1001, 79, 46, 1,1,1
254, 62, 241, 931, 89, 109, 1,1,1
254, 49, 144, 935, 42, 63, 1,1,1
254, 14, 22, 920, 62, 64, 1,1,1
254, 7, 700, 1001, 79, 45, 1,1,1
255, 62, 232, 903, 86, 110, 1,1,1
255, 49, 147, 947, 47, 51, 1,1,1
255, 14, 22, 919, 62, 65, 1,1,1
255, 7, 697, 998, 84, 47, 1,1,1
256, 62, 232, 904, 87, 108, 1,1,1
256, 49, 147, 947, 47, 51, 1,1,1
256, 14, 22, 919, 63, 65, 1,1,1
256, 7, 697, 998, 85, 48, 1,1,1
257, 49, 144, 956, 46, 41, 1,1,1
257, 14, 23, 922, 62, 63, 1,1,1
257, 7, 695, 1000, 86, 47, 1,1,1
258, 49, 144, 956, 46, 42, 1,1,1
258, 14, 23, 922, 62, 63, 1,1,1
258, 7, 695, 1001, 85, 46, 1,1,1
259, 14, 25, 922, 56, 62, 1,1,1
259, 7, 694, 1003, 83, 44, 1,1,1
259, 5, 212, 977, 60, 29, 1,1,1
260, 14, 26, 922, 56, 62, 1,1,1
260, 7, 693, 1002, 85, 45, 1,1,1
260, 5, 213, 977, 60, 29, 1,1,1
261, 14, 29, 926, 53, 56, 1,1,1
261, 7, 693, 1006, 82, 41, 1,1,1
261, 5, 216, 977, 47, 29, 1,1,1
262, 14, 29, 926, 53, 56, 1,1,1
262, 7, 693, 1006, 81, 40, 1,1,1
262, 5, 216, 977, 49, 29, 1,1,1
263, 14, 28, 923, 60, 58, 1,1,1
263, 7, 692, 1008, 81, 39, 1,1,1
263, 5, 215, 975, 47, 31, 1,1,1
264, 14, 28, 922, 62, 60, 1,1,1
264, 7, 692, 1008, 82, 39, 1,1,1
264, 5, 214, 976, 48, 30, 1,1,1
265, 14, 28, 923, 65, 58, 1,1,1
265, 7, 691, 1008, 81, 39, 1,1,1
265, 5, 215, 975, 44, 31, 1,1,1
266, 14, 28, 923, 65, 58, 1,1,1
266, 7, 691, 1008, 81, 39, 1,1,1
266, 5, 216, 974, 42, 32, 1,1,1
267, 14, 27, 926, 67, 56, 1,1,1
267, 7, 692, 1008, 79, 39, 1,1,1
267, 5, 214, 974, 47, 32, 1,1,1
268, 14, 27, 927, 66, 55, 1,1,1
268, 7, 692, 1009, 78, 38, 1,1,1
268, 5, 214, 975, 46, 31, 1,1,1
269, 14, 26, 931, 66, 50, 1,1,1
269, 7, 690, 1009, 77, 38, 1,1,1
269, 5, 214, 974, 49, 31, 1,1,1
270, 14, 26, 931, 66, 50, 1,1,1
270, 7, 691, 1009, 76, 38, 1,1,1
270, 5, 214, 974, 44, 32, 1,1,1
271, 14, 26, 931, 69, 51, 1,1,1
271, 7, 689, 1010, 76, 37, 1,1,1
271, 5, 211, 973, 48, 32, 1,1,1
272, 14, 26, 931, 67, 51, 1,1,1
272, 7, 689, 1010, 77, 36, 1,1,1
272, 5, 211, 972, 46, 33, 1,1,1
273, 14, 27, 930, 67, 52, 1,1,1
273, 7, 689, 1009, 76, 37, 1,1,1
273, 5, 211, 971, 47, 34, 1,1,1
274, 14, 27, 930, 68, 52, 1,1,1
274, 7, 688, 1010, 77, 36, 1,1,1
274, 5, 211, 971, 47, 34, 1,1,1
275, 14, 26, 930, 69, 53, 1,1,1
275, 7, 687, 1010, 77, 36, 1,1,1
275, 5, 209, 971, 45, 34, 1,1,1
276, 14, 26, 930, 69, 53, 1,1,1
276, 7, 686, 1010, 78, 36, 1,1,1
276, 5, 209, 971, 44, 34, 1,1,1
277, 14, 24, 931, 71, 51, 1,1,1
277, 7, 685, 1002, 77, 44, 1,1,1
277, 5, 208, 969, 44, 37, 1,1,1
278, 14, 24, 932, 72, 50, 1,1,1
278, 7, 685, 1005, 76, 41, 1,1,1
278, 5, 208, 969, 44, 37, 1,1,1
279, 14, 24, 935, 69, 46, 1,1,1
279, 7, 682, 1007, 79, 39, 1,1,1
279, 5, 209, 968, 42, 38, 1,1,1
280, 14, 24, 935, 70, 46, 1,1,1
280, 7, 682, 1007, 78, 39, 1,1,1
280, 5, 209, 968, 41, 38, 1,1,1
281, 14, 23, 934, 68, 48, 1,1,1
281, 7, 680, 1007, 77, 39, 1,1,1
281, 5, 209, 967, 42, 39, 1,1,1
282, 14, 23, 934, 70, 48, 1,1,1
282, 7, 680, 1008, 77, 38, 1,1,1
282, 5, 209, 967, 42, 40, 1,1,1
283, 14, 23, 934, 70, 48, 1,1,1
283, 7, 678, 1005, 78, 40, 1,1,1
283, 5, 208, 968, 44, 38, 1,1,1
284, 14, 22, 934, 72, 48, 1,1,1
284, 7, 677, 1006, 79, 39, 1,1,1
284, 5, 208, 968, 45, 38, 1,1,1
285, 14, 24, 936, 67, 46, 1,1,1
285, 7, 679, 1007, 73, 38, 1,1,1
285, 5, 209, 967, 42, 39, 1,1,1
286, 14, 24, 936, 67, 46, 1,1,1
286, 7, 679, 1006, 74, 39, 1,1,1
286, 5, 209, 967, 42, 39, 1,1,1
287, 14, 24, 940, 67, 42, 1,1,1
287, 7, 678, 1006, 75, 39, 1,1,1
287, 5, 208, 967, 42, 39, 1,1,1
288, 14, 24, 939, 66, 43, 1,1,1
288, 7, 678, 1006, 75, 39, 1,1,1
288, 5, 208, 967, 41, 39, 1,1,1
289, 14, 24, 940, 68, 42, 1,1,1
289, 7, 677, 1008, 73, 38, 1,1,1
289, 5, 208, 967, 41, 39, 1,1,1
290, 14, 24, 940, 67, 42, 1,1,1
290, 7, 677, 1007, 73, 38, 1,1,1
290, 5, 208, 967, 41, 39, 1,1,1
291, 14, 24, 939, 68, 44, 1,1,1
291, 7, 674, 1008, 75, 38, 1,1,1
291, 5, 208, 965, 41, 42, 1,1,1
292, 14, 24, 939, 68, 44, 1,1,1
292, 7, 675, 1008, 73, 37, 1,1,1
292, 5, 208, 965, 42, 42, 1,1,1
293, 14, 26, 941, 64, 42, 1,1,1
293, 7, 676, 1007, 70, 39, 1,1,1
293, 5, 207, 965, 42, 42, 1,1,1
294, 14, 26, 941, 65, 42, 1,1,1
294, 7, 673, 1008, 75, 38, 1,1,1
294, 5, 207, 964, 42, 42, 1,1,1
295, 14, 25, 936, 59, 48, 1,1,1
295, 7, 675, 1008, 73, 38, 1,1,1
295, 5, 208, 961, 40, 46, 1,1,1
296, 14, 25, 937, 61, 46, 1,1,1
296, 7, 675, 1008, 74, 37, 1,1,1
296, 5, 208, 963, 40, 44, 1,1,1
297, 14, 24, 938, 67, 45, 1,1,1
297, 7, 685, 1008, 61, 38, 1,1,1
297, 5, 208, 959, 39, 48, 1,1,1
298, 14, 24, 938, 67, 45, 1,1,1
298, 7, 688, 1007, 59, 39, 1,1,1
298, 5, 208, 958, 39, 49, 1,1,1
299, 14, 24, 937, 64, 46, 1,1,1
299, 7, 673, 1009, 69, 35, 1,1,1
299, 5, 207, 959, 40, 49, 1,1,1
300, 14, 23, 936, 66, 47, 1,1,1
300, 7, 678, 1010, 65, 35, 1,1,1
300, 5, 207, 959, 41, 48, 1,1,1
301, 14, 22, 940, 67, 42, 1,1,1
301, 7, 669, 1005, 72, 39, 1,1,1
301, 5, 206, 954, 39, 52, 1,1,1
302, 14, 22, 940, 67, 42, 1,1,1
302, 7, 669, 1005, 71, 39, 1,1,1
302, 5, 206, 954, 40, 52, 1,1,1
303, 14, 20, 941, 71, 42, 1,1,1
303, 7, 669, 1001, 73, 44, 1,1,1
303, 5, 206, 950, 40, 55, 1,1,1
304, 14, 21, 941, 70, 41, 1,1,1
304, 7, 668, 999, 74, 46, 1,1,1
304, 5, 206, 950, 39, 56, 1,1,1
305, 14, 20, 939, 74, 43, 1,1,1
305, 7, 664, 994, 75, 50, 1,1,1
305, 5, 205, 949, 42, 57, 1,1,1
306, 14, 21, 939, 73, 44, 1,1,1
306, 7, 663, 993, 76, 51, 1,1,1
306, 5, 205, 950, 42, 56, 1,1,1
307, 14, 18, 943, 78, 40, 1,1,1
307, 7, 662, 996, 82, 49, 1,1,1
307, 5, 204, 948, 44, 59, 1,1,1
308, 14, 18, 943, 78, 40, 1,1,1
308, 7, 662, 996, 82, 49, 1,1,1
308, 5, 204, 948, 44, 59, 1,1,1
309, 14, 17, 939, 79, 45, 1,1,1
309, 7, 665, 1002, 75, 42, 1,1,1
309, 5, 203, 948, 45, 59, 1,1,1
310, 14, 17, 939, 79, 44, 1,1,1
310, 7, 664, 1001, 77, 43, 1,1,1
310, 5, 203, 948, 45, 59, 1,1,1
311, 14, 16, 939, 79, 44, 1,1,1
311, 7, 658, 989, 84, 55, 1,1,1
311, 5, 203, 949, 45, 57, 1,1,1
312, 14, 16, 939, 80, 44, 1,1,1
312, 7, 658, 989, 86, 55, 1,1,1
312, 5, 203, 948, 45, 58, 1,1,1
313, 14, 16, 938, 80, 45, 1,1,1
313, 7, 657, 988, 83, 56, 1,1,1
313, 5, 202, 944, 46, 61, 1,1,1
314, 14, 16, 938, 80, 45, 1,1,1
314, 7, 657, 987, 81, 57, 1,1,1
314, 5, 202, 944, 47, 62, 1,1,1
315, 14, 16, 939, 83, 44, 1,1,1
315, 7, 656, 983, 86, 63, 1,1,1
315, 5, 203, 944, 46, 61, 1,1,1
316, 14, 16, 939, 83, 44, 1,1,1
316, 7, 656, 984, 86, 62, 1,1,1
316, 5, 203, 945, 46, 60, 1,1,1
317, 14, 17, 943, 84, 41, 1,1,1
317, 7, 656, 980, 81, 66, 1,1,1
317, 5, 203, 945, 46, 60, 1,1,1
318, 14, 17, 943, 84, 41, 1,1,1
318, 7, 656, 980, 84, 66, 1,1,1
318, 5, 203, 944, 46, 61, 1,1,1
319, 14, 18, 945, 82, 39, 1,1,1
319, 7, 655, 980, 86, 66, 1,1,1
319, 5, 203, 939, 47, 65, 1,1,1
320, 14, 18, 945, 82, 39, 1,1,1
320, 7, 654, 980, 91, 66, 1,1,1
320, 5, 203, 939, 47, 65, 1,1,1
321, 14, 19, 945, 83, 39, 1,1,1
321, 7, 655, 979, 79, 66, 1,1,1
321, 5, 203, 941, 46, 63, 1,1,1
322, 14, 19, 945, 83, 39, 1,1,1
322, 7, 655, 979, 78, 65, 1,1,1
322, 5, 203, 940, 46, 64, 1,1,1
323, 14, 18, 946, 84, 38, 1,1,1
323, 7, 655, 978, 70, 65, 1,1,1
323, 5, 202, 937, 46, 68, 1,1,1
324, 14, 18, 946, 84, 38, 1,1,1
324, 7, 655, 978, 70, 65, 1,1,1
324, 5, 202, 938, 46, 67, 1,1,1
325, 14, 18, 946, 83, 38, 1,1,1
325, 7, 657, 977, 74, 68, 1,1,1
325, 5, 202, 938, 46, 66, 1,1,1
326, 14, 18, 946, 83, 38, 1,1,1
326, 7, 657, 977, 76, 68, 1,1,1
326, 5, 202, 938, 46, 66, 1,1,1
327, 14, 19, 946, 79, 37, 1,1,1
327, 7, 661, 976, 65, 69, 1,1,1
327, 5, 202, 937, 47, 68, 1,1,1
328, 14, 19, 946, 79, 37, 1,1,1
328, 7, 661, 976, 65, 69, 1,1,1
328, 5, 202, 937, 47, 68, 1,1,1
329, 14, 18, 946, 81, 37, 1,1,1
329, 7, 660, 975, 71, 71, 1,1,1
329, 5, 201, 936, 48, 70, 1,1,1
330, 14, 19, 946, 80, 37, 1,1,1
330, 7, 660, 974, 74, 72, 1,1,1
330, 5, 201, 935, 48, 71, 1,1,1
331, 14, 18, 946, 85, 38, 1,1,1
331, 7, 659, 974, 80, 73, 1,1,1
331, 5, 201, 934, 49, 72, 1,1,1
332, 14, 20, 946, 83, 37, 1,1,1
332, 7, 659, 974, 80, 72, 1,1,1
332, 5, 201, 934, 50, 72, 1,1,1
333, 14, 17, 946, 83, 37, 1,1,1
333, 7, 659, 974, 79, 73, 1,1,1
333, 5, 201, 933, 49, 73, 1,1,1
334, 14, 14, 946, 89, 37, 1,1,1
334, 7, 659, 974, 81, 73, 1,1,1
334, 5, 201, 933, 49, 73, 1,1,1
335, 14, 12, 947, 54, 34, 1,1,1
335, 7, 659, 975, 73, 71, 1,1,1
335, 5, 201, 935, 48, 70, 1,1,1
336, 14, 12, 947, 54, 34, 1,1,1
336, 7, 659, 975, 74, 71, 1,1,1
336, 5, 201, 936, 48, 70, 1,1,1
337, 14, 9, 947, 57, 34, 1,1,1
337, 7, 658, 975, 77, 71, 1,1,1
337, 5, 202, 938, 50, 68, 1,1,1
338, 14, 9, 947, 57, 34, 1,1,1
338, 7, 658, 975, 76, 71, 1,1,1
338, 5, 202, 938, 49, 67, 1,1,1
339, 14, 17, 948, 54, 34, 1,1,1
339, 7, 658, 974, 82, 72, 1,1,1
339, 5, 201, 940, 49, 65, 1,1,1
340, 14, 16, 948, 53, 34, 1,1,1
340, 7, 658, 974, 80, 72, 1,1,1
340, 5, 202, 940, 48, 65, 1,1,1
341, 14, 14, 948, 63, 34, 1,1,1
341, 7, 657, 974, 78, 72, 1,1,1
341, 5, 200, 940, 50, 65, 1,1,1
342, 14, 14, 948, 62, 34, 1,1,1
342, 7, 658, 974, 76, 72, 1,1,1
342, 5, 200, 940, 48, 64, 1,1,1
343, 14, 22, 947, 78, 36, 1,1,1
343, 7, 657, 973, 85, 73, 1,1,1
343, 5, 200, 939, 50, 66, 1,1,1
344, 14, 21, 946, 79, 37, 1,1,1
344, 7, 657, 973, 85, 73, 1,1,1
344, 5, 200, 939, 50, 66, 1,1,1
345, 14, 24, 947, 77, 36, 1,1,1
345, 7, 657, 974, 77, 72, 1,1,1
345, 5, 200, 940, 50, 64, 1,1,1
346, 14, 26, 947, 76, 37, 1,1,1
346, 7, 657, 974, 77, 72, 1,1,1
346, 5, 200, 940, 50, 64, 1,1,1
347, 14, 26, 948, 76, 35, 1,1,1
347, 7, 661, 977, 69, 69, 1,1,1
347, 5, 200, 943, 48, 61, 1,1,1
348, 14, 26, 948, 76, 35, 1,1,1
348, 7, 661, 977, 69, 69, 1,1,1
348, 5, 200, 943, 47, 62, 1,1,1
349, 14, 27, 947, 75, 36, 1,1,1
349, 7, 666, 982, 64, 63, 1,1,1
349, 5, 200, 947, 47, 58, 1,1,1
350, 14, 27, 947, 74, 36, 1,1,1
350, 7, 666, 980, 64, 65, 1,1,1
350, 5, 200, 946, 46, 59, 1,1,1
351, 14, 32, 952, 63, 29, 1,1,1
351, 7, 674, 971, 55, 72, 1,1,1
351, 5, 199, 950, 46, 54, 1,1,1
352, 14, 31, 952, 64, 28, 1,1,1
352, 7, 674, 971, 55, 72, 1,1,1
352, 5, 200, 950, 45, 54, 1,1,1
353, 14, 30, 949, 71, 32, 1,1,1
353, 7, 674, 972, 53, 72, 1,1,1
353, 5, 199, 947, 47, 58, 1,1,1
354, 14, 30, 949, 72, 33, 1,1,1
354, 7, 674, 972, 52, 73, 1,1,1
354, 5, 199, 947, 47, 58, 1,1,1
355, 14, 29, 950, 74, 33, 1,1,1
355, 7, 671, 967, 59, 79, 1,1,1
355, 5, 200, 949, 46, 58, 1,1,1
356, 77, 832, 784, 62, 148, 1,1,1
356, 14, 30, 951, 73, 32, 1,1,1
356, 7, 670, 967, 60, 79, 1,1,1
356, 5, 200, 949, 46, 58, 1,1,1
357, 77, 831, 802, 65, 141, 1,1,1
357, 14, 33, 952, 64, 30, 1,1,1
357, 7, 672, 968, 65, 76, 1,1,1
357, 5, 200, 950, 45, 56, 1,1,1
358, 77, 831, 802, 65, 142, 1,1,1
358, 14, 33, 951, 64, 31, 1,1,1
358, 7, 672, 967, 65, 77, 1,1,1
358, 5, 200, 951, 45, 55, 1,1,1
359, 77, 831, 802, 65, 141, 1,1,1
359, 14, 31, 952, 70, 30, 1,1,1
359, 7, 673, 968, 64, 76, 1,1,1
359, 5, 200, 951, 45, 55, 1,1,1
360, 77, 824, 817, 65, 149, 1,1,1
360, 14, 32, 952, 71, 31, 1,1,1
360, 7, 675, 974, 78, 72, 1,1,1
360, 5, 200, 951, 49, 55, 1,1,1
361, 77, 824, 817, 65, 149, 1,1,1
361, 14, 32, 952, 72, 31, 1,1,1
361, 7, 676, 974, 78, 72, 1,1,1
361, 5, 201, 952, 50, 54, 1,1,1
362, 77, 813, 837, 71, 143, 1,1,1
362, 14, 35, 954, 73, 30, 1,1,1
362, 7, 672, 965, 97, 80, 1,1,1
362, 5, 199, 953, 58, 53, 1,1,1
363, 77, 808, 857, 68, 141, 1,1,1
363, 14, 38, 954, 74, 31, 1,1,1
363, 7, 681, 963, 93, 82, 1,1,1
363, 5, 199, 955, 63, 52, 1,1,1
364, 77, 807, 857, 69, 140, 1,1,1
364, 14, 37, 954, 75, 31, 1,1,1
364, 7, 680, 963, 94, 82, 1,1,1
364, 5, 199, 956, 74, 51, 1,1,1
365, 77, 808, 857, 68, 141, 1,1,1
365, 14, 38, 954, 74, 31, 1,1,1
365, 7, 681, 963, 93, 82, 1,1,1
365, 5, 199, 956, 73, 50, 1,1,1
366, 77, 803, 882, 72, 132, 1,1,1
366, 14, 40, 955, 72, 30, 1,1,1
366, 7, 683, 962, 100, 85, 1,1,1
366, 5, 199, 955, 62, 51, 1,1,1
367, 77, 803, 881, 72, 133, 1,1,1
367, 14, 41, 955, 70, 30, 1,1,1
367, 7, 683, 962, 100, 85, 1,1,1
367, 5, 199, 955, 62, 51, 1,1,1
368, 77, 800, 896, 80, 128, 1,1,1
368, 14, 40, 953, 73, 32, 1,1,1
368, 7, 680, 963, 104, 84, 1,1,1
368, 5, 199, 957, 70, 49, 1,1,1
369, 77, 800, 896, 79, 128, 1,1,1
369, 14, 40, 953, 73, 32, 1,1,1
369, 7, 680, 962, 104, 85, 1,1,1
369, 5, 199, 957, 59, 50, 1,1,1
370, 77, 799, 911, 85, 118, 1,1,1
370, 14, 41, 955, 72, 30, 1,1,1
370, 7, 678, 972, 99, 72, 1,1,1
370, 5, 199, 961, 70, 46, 1,1,1
371, 77, 798, 912, 86, 117, 1,1,1
371, 14, 43, 956, 68, 29, 1,1,1
371, 7, 679, 972, 98, 72, 1,1,1
371, 5, 199, 960, 68, 47, 1,1,1
372, 77, 799, 917, 93, 115, 1,1,1
372, 7, 676, 971, 108, 73, 1,1,1
372, 5, 201, 962, 44, 44, 1,1,1
373, 77, 800, 917, 92, 115, 1,1,1
373, 7, 676, 971, 108, 73, 1,1,1
373, 5, 201, 962, 44, 44, 1,1,1
374, 77, 811, 917, 73, 113, 1,1,1
374, 7, 678, 970, 107, 73, 1,1,1
374, 5, 200, 967, 46, 39, 1,1,1
375, 81, 239, 975, 48, 33, 1,1,1
375, 77, 812, 917, 72, 113, 1,1,1
375, 14, 44, 955, 54, 30, 1,1,1
375, 7, 678, 969, 107, 74, 1,1,1
375, 5, 200, 968, 46, 37, 1,1,1
376, 81, 222, 973, 62, 34, 1,1,1
376, 77, 826, 915, 55, 119, 1,1,1
376, 14, 44, 954, 55, 31, 1,1,1
376, 7, 674, 966, 108, 77, 1,1,1
376, 5, 200, 970, 53, 34, 1,1,1
377, 81, 213, 973, 70, 33, 1,1,1
377, 77, 826, 916, 55, 118, 1,1,1
377, 14, 44, 954, 56, 31, 1,1,1
377, 7, 675, 966, 108, 77, 1,1,1
377, 5, 200, 970, 56, 34, 1,1,1
378, 81, 233, 978, 58, 29, 1,1,1
378, 77, 829, 921, 57, 119, 1,1,1
378, 14, 44, 955, 55, 30, 1,1,1
378, 7, 675, 967, 111, 76, 1,1,1
378, 5, 201, 969, 45, 36, 1,1,1
379, 77, 829, 921, 57, 119, 1,1,1
379, 14, 44, 955, 55, 30, 1,1,1
379, 7, 675, 967, 111, 76, 1,1,1
379, 5, 201, 970, 46, 35, 1,1,1
380, 77, 831, 929, 57, 121, 1,1,1
380, 14, 45, 954, 56, 31, 1,1,1
380, 7, 675, 966, 111, 78, 1,1,1
380, 5, 202, 971, 58, 33, 1,1,1
381, 77, 831, 928, 57, 122, 1,1,1
381, 14, 45, 953, 56, 32, 1,1,1
381, 7, 675, 966, 111, 78, 1,1,1
381, 5, 202, 971, 60, 33, 1,1,1
382, 82, 671, 940, 58, 33, 1,1,1
382, 81, 244, 980, 56, 28, 1,1,1
382, 77, 829, 937, 57, 114, 1,1,1
382, 14, 46, 953, 55, 32, 1,1,1
382, 7, 676, 967, 109, 76, 1,1,1
382, 5, 202, 970, 45, 34, 1,1,1
383, 82, 671, 939, 58, 35, 1,1,1
383, 81, 243, 980, 55, 28, 1,1,1
383, 77, 829, 938, 57, 113, 1,1,1
383, 14, 46, 953, 56, 32, 1,1,1
383, 7, 676, 967, 108, 76, 1,1,1
383, 5, 202, 971, 45, 33, 1,1,1
384, 81, 244, 980, 52, 28, 1,1,1
384, 77, 829, 955, 59, 96, 1,1,1
384, 14, 45, 955, 57, 30, 1,1,1
384, 7, 681, 969, 102, 72, 1,1,1
384, 5, 203, 968, 41, 36, 1,1,1
385, 81, 243, 981, 52, 27, 1,1,1
385, 77, 830, 954, 58, 96, 1,1,1
385, 14, 46, 954, 56, 30, 1,1,1
385, 7, 681, 968, 102, 73, 1,1,1
385, 5, 203, 967, 40, 37, 1,1,1
386, 81, 244, 980, 54, 29, 1,1,1
386, 77, 831, 969, 55, 84, 1,1,1
386, 7, 681, 967, 102, 74, 1,1,1
386, 5, 204, 969, 41, 35, 1,1,1
387, 81, 246, 981, 51, 28, 1,1,1
387, 77, 831, 970, 55, 83, 1,1,1
387, 7, 682, 968, 101, 73, 1,1,1
387, 5, 204, 969, 41, 35, 1,1,1
388, 81, 248, 980, 53, 29, 1,1,1
388, 77, 822, 994, 67, 59, 1,1,1
388, 7, 682, 967, 103, 74, 1,1,1
388, 5, 204, 968, 41, 36, 1,1,1
389, 81, 247, 980, 52, 29, 1,1,1
389, 77, 822, 994, 67, 59, 1,1,1
389, 7, 682, 967, 103, 74, 1,1,1
389, 5, 204, 968, 41, 36, 1,1,1
390, 81, 244, 980, 56, 29, 1,1,1
390, 77, 820, 1011, 68, 43, 1,1,1
390, 7, 684, 966, 100, 75, 1,1,1
390, 5, 204, 974, 43, 29, 1,1,1
391, 81, 244, 981, 54, 28, 1,1,1
391, 77, 820, 1011, 68, 43, 1,1,1
391, 7, 684, 967, 100, 74, 1,1,1
391, 5, 204, 972, 43, 31, 1,1,1
392, 81, 245, 981, 54, 27, 1,1,1
392, 77, 820, 1019, 68, 34, 1,1,1
392, 7, 684, 964, 98, 80, 1,1,1
392, 5, 203, 978, 45, 25, 1,1,1
393, 81, 244, 981, 53, 27, 1,1,1
393, 77, 820, 1019, 68, 34, 1,1,1
393, 7, 685, 965, 97, 78, 1,1,1
393, 5, 203, 978, 48, 25, 1,1,1
394, 81, 246, 981, 53, 27, 1,1,1
394, 7, 690, 964, 92, 80, 1,1,1
394, 5, 203, 978, 56, 25, 1,1,1
395, 81, 243, 981, 55, 26, 1,1,1
395, 7, 690, 964, 92, 80, 1,1,1
395, 5, 203, 978, 56, 25, 1,1,1
396, 7, 686, 962, 96, 82, 1,1,1
396, 5, 203, 978, 77, 27, 1,1,1
397, 83, 0, 929, 15, 44, 1,1,1
397, 7, 686, 962, 96, 82, 1,1,1
397, 5, 202, 978, 80, 27, 1,1,1
398, 83, 0, 927, 13, 46, 1,1,1
398, 7, 692, 961, 88, 83, 1,1,1
398, 5, 203, 977, 77, 28, 1,1,1
399, 83, 0, 927, 13, 46, 1,1,1
399, 7, 692, 961, 88, 83, 1,1,1
399, 5, 203, 977, 80, 28, 1,1,1
400, 83, 0, 925, 14, 49, 1,1,1
400, 7, 695, 961, 81, 83, 1,1,1
400, 5, 203, 978, 72, 26, 1,1,1
401, 83, 0, 925, 14, 49, 1,1,1
401, 7, 695, 962, 81, 82, 1,1,1
401, 5, 203, 978, 76, 27, 1,1,1
402, 83, 0, 924, 14, 49, 1,1,1
402, 7, 702, 959, 69, 84, 1,1,1
402, 5, 204, 978, 67, 27, 1,1,1
403, 83, 0, 924, 14, 48, 1,1,1
403, 7, 702, 959, 69, 84, 1,1,1
403, 5, 204, 978, 67, 27, 1,1,1
404, 83, 0, 929, 19, 45, 1,1,1
404, 7, 705, 959, 64, 84, 1,1,1
404, 5, 201, 978, 57, 26, 1,1,1
405, 83, 0, 929, 19, 45, 1,1,1
405, 7, 705, 959, 64, 84, 1,1,1
405, 5, 201, 978, 57, 26, 1,1,1
406, 83, 0, 926, 16, 45, 1,1,1
406, 7, 707, 958, 63, 83, 1,1,1
406, 5, 201, 979, 49, 25, 1,1,1
407, 83, 0, 927, 16, 45, 1,1,1
407, 7, 707, 958, 63, 83, 1,1,1
407, 5, 200, 979, 50, 25, 1,1,1
408, 83, 0, 921, 14, 50, 1,1,1
408, 7, 708, 957, 65, 85, 1,1,1
408, 5, 201, 979, 49, 25, 1,1,1
409, 83, 0, 922, 14, 49, 1,1,1
409, 7, 708, 958, 64, 84, 1,1,1
409, 5, 200, 979, 51, 25, 1,1,1
410, 83, 0, 922, 12, 49, 1,1,1
410, 7, 709, 957, 61, 85, 1,1,1
410, 5, 200, 978, 51, 26, 1,1,1
411, 83, 0, 922, 12, 49, 1,1,1
411, 7, 710, 957, 60, 86, 1,1,1
411, 5, 200, 978, 52, 26, 1,1,1
412, 83, 0, 922, 13, 49, 1,1,1
412, 7, 711, 957, 58, 85, 1,1,1
412, 5, 199, 978, 51, 26, 1,1,1
413, 83, 0, 922, 13, 49, 1,1,1
413, 7, 710, 958, 60, 83, 1,1,1
413, 5, 199, 978, 52, 27, 1,1,1
414, 83, 0, 920, 13, 51, 1,1,1
414, 7, 709, 959, 60, 84, 1,1,1
414, 5, 202, 978, 47, 27, 1,1,1
415, 83, 0, 919, 13, 52, 1,1,1
415, 7, 709, 959, 60, 84, 1,1,1
415, 5, 202, 978, 48, 26, 1,1,1
416, 83, 0, 924, 15, 49, 1,1,1
416, 7, 707, 959, 61, 84, 1,1,1
416, 5, 200, 977, 54, 27, 1,1,1
417, 83, 0, 922, 14, 51, 1,1,1
417, 7, 707, 959, 61, 84, 1,1,1
417, 5, 200, 978, 51, 26, 1,1,1
418, 83, 0, 926, 17, 48, 1,1,1
418, 7, 705, 960, 63, 83, 1,1,1
418, 5, 205, 976, 51, 28, 1,1,1
419, 83, 0, 926, 17, 48, 1,1,1
419, 7, 705, 959, 64, 84, 1,1,1
419, 5, 205, 976, 51, 29, 1,1,1
420, 83, 0, 926, 17, 49, 1,1,1
420, 7, 707, 963, 58, 80, 1,1,1
420, 5, 205, 972, 43, 33, 1,1,1
421, 83, 0, 927, 17, 48, 1,1,1
421, 7, 707, 963, 58, 79, 1,1,1
421, 5, 205, 972, 43, 33, 1,1,1
422, 83, 0, 926, 16, 48, 1,1,1
422, 14, 56, 954, 52, 31, 1,1,1
422, 7, 707, 966, 59, 76, 1,1,1
422, 5, 205, 971, 41, 34, 1,1,1
423, 83, 0, 926, 16, 48, 1,1,1
423, 14, 55, 954, 52, 31, 1,1,1
423, 7, 708, 965, 58, 76, 1,1,1
423, 5, 204, 971, 42, 34, 1,1,1
424, 83, 0, 925, 19, 46, 1,1,1
424, 14, 64, 954, 44, 31, 1,1,1
424, 7, 704, 962, 61, 81, 1,1,1
424, 5, 204, 969, 41, 35, 1,1,1
425, 83, 0, 924, 18, 47, 1,1,1
425, 14, 64, 953, 44, 33, 1,1,1
425, 7, 704, 962, 61, 81, 1,1,1
425, 5, 204, 968, 41, 37, 1,1,1
426, 14, 62, 953, 47, 33, 1,1,1
426, 7, 706, 962, 54, 82, 1,1,1
426, 5, 203, 969, 45, 35, 1,1,1
427, 14, 63, 953, 46, 33, 1,1,1
427, 7, 707, 962, 52, 82, 1,1,1
427, 5, 203, 968, 44, 36, 1,1,1
428, 14, 55, 953, 54, 32, 1,1,1
428, 7, 707, 963, 51, 80, 1,1,1
428, 5, 202, 968, 44, 36, 1,1,1
429, 14, 56, 954, 53, 31, 1,1,1
429, 7, 707, 963, 51, 80, 1,1,1
429, 5, 202, 968, 44, 36, 1,1,1
430, 14, 59, 953, 48, 33, 1,1,1
430, 7, 704, 965, 55, 77, 1,1,1
430, 5, 203, 963, 41, 42, 1,1,1
431, 14, 62, 951, 45, 35, 1,1,1
431, 7, 704, 964, 55, 79, 1,1,1
431, 5, 203, 964, 41, 41, 1,1,1
432, 83, 0, 923, 50, 52, 1,1,1
432, 14, 62, 950, 44, 35, 1,1,1
432, 7, 701, 961, 55, 81, 1,1,1
432, 5, 203, 961, 41, 44, 1,1,1
433, 83, 0, 923, 50, 52, 1,1,1
433, 14, 60, 950, 46, 35, 1,1,1
433, 7, 700, 961, 56, 81, 1,1,1
433, 5, 203, 963, 41, 42, 1,1,1
434, 83, 0, 921, 49, 54, 1,1,1
434, 14, 60, 953, 46, 32, 1,1,1
434, 7, 695, 960, 63, 81, 1,1,1
434, 5, 203, 961, 41, 44, 1,1,1
435, 83, 0, 921, 49, 54, 1,1,1
435, 7, 695, 960, 62, 82, 1,1,1
435, 5, 203, 961, 41, 44, 1,1,1
436, 83, 0, 921, 51, 54, 1,1,1
436, 7, 696, 960, 61, 81, 1,1,1
436, 5, 202, 960, 41, 46, 1,1,1
437, 83, 0, 921, 51, 53, 1,1,1
437, 7, 695, 961, 62, 80, 1,1,1
437, 5, 201, 962, 42, 43, 1,1,1
438, 83, 1, 921, 46, 57, 1,1,1
438, 7, 697, 961, 59, 81, 1,1,1
438, 5, 202, 958, 42, 49, 1,1,1
439, 83, 1, 921, 47, 57, 1,1,1
439, 7, 697, 961, 59, 81, 1,1,1
439, 5, 203, 958, 42, 49, 1,1,1
440, 83, 0, 919, 49, 63, 1,1,1
440, 14, 66, 948, 40, 37, 1,1,1
440, 7, 694, 966, 60, 76, 1,1,1
440, 5, 201, 955, 44, 52, 1,1,1
441, 83, 0, 919, 49, 63, 1,1,1
441, 14, 67, 948, 39, 37, 1,1,1
441, 7, 695, 966, 59, 77, 1,1,1
441, 5, 201, 955, 44, 51, 1,1,1
442, 83, 0, 918, 50, 63, 1,1,1
442, 14, 63, 949, 42, 36, 1,1,1
442, 7, 695, 969, 58, 73, 1,1,1
442, 5, 198, 953, 47, 54, 1,1,1
443, 83, 0, 918, 50, 63, 1,1,1
443, 14, 63, 950, 42, 35, 1,1,1
443, 7, 695, 968, 59, 74, 1,1,1
443, 5, 198, 953, 47, 54, 1,1,1
444, 83, 0, 919, 52, 63, 1,1,1
444, 14, 60, 951, 45, 34, 1,1,1
444, 7, 692, 966, 61, 76, 1,1,1
444, 5, 198, 951, 47, 56, 1,1,1
445, 83, 0, 920, 52, 63, 1,1,1
445, 14, 61, 951, 44, 34, 1,1,1
445, 7, 692, 965, 61, 77, 1,1,1
445, 5, 197, 951, 48, 55, 1,1,1
446, 83, 0, 920, 52, 63, 1,1,1
446, 14, 63, 951, 42, 33, 1,1,1
446, 7, 691, 967, 60, 75, 1,1,1
446, 5, 194, 950, 52, 56, 1,1,1
447, 83, 0, 920, 53, 63, 1,1,1
447, 14, 63, 951, 43, 34, 1,1,1
447, 7, 692, 968, 59, 74, 1,1,1
447, 5, 194, 950, 52, 56, 1,1,1
448, 83, 0, 920, 53, 65, 1,1,1
448, 14, 73, 948, 34, 37, 1,1,1
448, 7, 693, 968, 57, 74, 1,1,1
448, 5, 194, 951, 50, 55, 1,1,1
449, 83, 0, 920, 53, 65, 1,1,1
449, 14, 73, 948, 34, 38, 1,1,1
449, 7, 693, 968, 58, 74, 1,1,1
449, 5, 194, 951, 50, 55, 1,1,1
450, 83, 0, 920, 57, 64, 1,1,1
450, 14, 71, 948, 34, 37, 1,1,1
450, 7, 691, 966, 68, 78, 1,1,1
450, 5, 192, 950, 53, 56, 1,1,1
451, 83, 0, 921, 59, 63, 1,1,1
451, 14, 71, 949, 35, 36, 1,1,1
451, 7, 692, 967, 66, 77, 1,1,1
451, 5, 192, 948, 53, 58, 1,1,1
452, 83, 0, 920, 51, 66, 1,1,1
452, 7, 689, 965, 67, 81, 1,1,1
452, 5, 193, 951, 51, 55, 1,1,1
453, 83, 0, 920, 50, 66, 1,1,1
453, 7, 689, 965, 67, 81, 1,1,1
453, 5, 193, 951, 50, 54, 1,1,1
454, 83, 0, 920, 52, 65, 1,1,1
454, 7, 689, 966, 63, 80, 1,1,1
454, 5, 191, 951, 54, 55, 1,1,1
455, 83, 0, 921, 52, 64, 1,1,1
455, 7, 689, 966, 62, 80, 1,1,1
455, 5, 191, 950, 55, 56, 1,1,1
456, 83, 1, 922, 55, 64, 1,1,1
456, 7, 689, 967, 60, 80, 1,1,1
456, 5, 191, 948, 55, 57, 1,1,1
457, 83, 0, 923, 57, 62, 1,1,1
457, 7, 689, 967, 60, 80, 1,1,1
457, 5, 191, 947, 55, 58, 1,1,1
458, 83, 0, 923, 62, 61, 1,1,1
458, 7, 691, 970, 58, 77, 1,1,1
458, 5, 191, 947, 55, 58, 1,1,1
459, 86, 368, 1000, 71, 24, 1,1,1
459, 83, 0, 923, 63, 61, 1,1,1
459, 7, 691, 971, 58, 76, 1,1,1
459, 5, 191, 949, 55, 56, 1,1,1
460, 86, 365, 1000, 73, 24, 1,1,1
460, 83, 0, 924, 70, 60, 1,1,1
460, 7, 690, 974, 58, 74, 1,1,1
460, 5, 191, 946, 54, 59, 1,1,1
461, 86, 365, 1000, 74, 24, 1,1,1
461, 83, 0, 924, 70, 60, 1,1,1
461, 7, 690, 974, 58, 74, 1,1,1
461, 5, 191, 945, 54, 60, 1,1,1
462, 86, 365, 997, 72, 26, 1,1,1
462, 83, 0, 923, 71, 57, 1,1,1
462, 7, 689, 976, 57, 70, 1,1,1
462, 5, 190, 946, 55, 58, 1,1,1
463, 86, 364, 999, 74, 24, 1,1,1
463, 83, 0, 923, 70, 58, 1,1,1
463, 7, 689, 975, 57, 71, 1,1,1
463, 5, 190, 944, 55, 61, 1,1,1
464, 86, 364, 998, 75, 25, 1,1,1
464, 83, 0, 923, 66, 61, 1,1,1
464, 7, 687, 976, 57, 71, 1,1,1
464, 5, 189, 942, 56, 62, 1,1,1
465, 86, 364, 999, 76, 24, 1,1,1
465, 83, 0, 923, 66, 61, 1,1,1
465, 7, 687, 976, 57, 71, 1,1,1
465, 5, 189, 942, 57, 62, 1,1,1
466, 86, 362, 1000, 75, 23, 1,1,1
466, 83, 0, 922, 90, 61, 1,1,1
466, 7, 683, 973, 61, 74, 1,1,1
466, 5, 188, 941, 58, 63, 1,1,1
467, 86, 362, 1000, 75, 23, 1,1,1
467, 83, 0, 922, 92, 61, 1,1,1
467, 7, 684, 972, 62, 74, 1,1,1
467, 5, 188, 941, 58, 63, 1,1,1
468, 86, 362, 998, 72, 24, 1,1,1
468, 83, 1, 922, 98, 72, 1,1,1
468, 7, 682, 974, 62, 72, 1,1,1
468, 5, 188, 941, 57, 64, 1,1,1
469, 86, 361, 998, 73, 24, 1,1,1
469, 83, 0, 922, 99, 71, 1,1,1
469, 7, 680, 974, 67, 72, 1,1,1
469, 5, 188, 941, 56, 64, 1,1,1
470, 86, 360, 998, 64, 23, 1,1,1
470, 83, 0, 918, 103, 82, 1,1,1
470, 7, 681, 972, 70, 74, 1,1,1
470, 5, 186, 940, 60, 65, 1,1,1
471, 86, 360, 998, 66, 23, 1,1,1
471, 83, 0, 918, 103, 82, 1,1,1
471, 7, 681, 971, 70, 75, 1,1,1
471, 5, 186, 940, 59, 65, 1,1,1
472, 86, 362, 997, 55, 24, 1,1,1
472, 83, 0, 921, 99, 81, 1,1,1
472, 7, 679, 969, 72, 77, 1,1,1
472, 5, 186, 940, 58, 65, 1,1,1
473, 86, 362, 997, 54, 24, 1,1,1
473, 83, 0, 921, 99, 81, 1,1,1
473, 7, 679, 969, 73, 77, 1,1,1
473, 5, 186, 940, 59, 65, 1,1,1
474, 86, 361, 996, 42, 25, 1,1,1
474, 83, 12, 919, 99, 82, 1,1,1
474, 7, 678, 967, 72, 79, 1,1,1
474, 5, 185, 938, 60, 67, 1,1,1
475, 86, 361, 996, 42, 25, 1,1,1
475, 83, 12, 919, 99, 81, 1,1,1
475, 7, 677, 967, 74, 79, 1,1,1
475, 5, 185, 938, 59, 67, 1,1,1
476, 86, 360, 996, 43, 25, 1,1,1
476, 83, 20, 920, 88, 83, 1,1,1
476, 7, 674, 965, 69, 81, 1,1,1
476, 5, 186, 938, 59, 67, 1,1,1
477, 86, 360, 996, 43, 25, 1,1,1
477, 83, 20, 920, 88, 83, 1,1,1
477, 7, 674, 965, 68, 81, 1,1,1
477, 5, 186, 938, 59, 67, 1,1,1
478, 86, 360, 995, 43, 27, 1,1,1
478, 83, 20, 918, 89, 84, 1,1,1
478, 7, 675, 964, 68, 82, 1,1,1
478, 5, 186, 938, 59, 67, 1,1,1
479, 86, 360, 995, 44, 26, 1,1,1
479, 83, 19, 917, 89, 85, 1,1,1
479, 7, 675, 964, 67, 82, 1,1,1
479, 5, 186, 938, 59, 67, 1,1,1
480, 86, 361, 994, 41, 28, 1,1,1
480, 83, 22, 915, 89, 81, 1,1,1
480, 7, 675, 964, 68, 82, 1,1,1
480, 5, 186, 940, 61, 65, 1,1,1
481, 86, 361, 994, 42, 28, 1,1,1
481, 83, 22, 915, 89, 81, 1,1,1
481, 7, 674, 964, 69, 82, 1,1,1
481, 5, 186, 940, 61, 65, 1,1,1
482, 86, 359, 991, 47, 30, 1,1,1
482, 83, 24, 916, 89, 76, 1,1,1
482, 7, 675, 964, 69, 82, 1,1,1
482, 5, 189, 938, 57, 66, 1,1,1
483, 86, 358, 991, 46, 30, 1,1,1
483, 83, 24, 916, 89, 76, 1,1,1
483, 7, 675, 964, 69, 82, 1,1,1
483, 5, 189, 938, 57, 66, 1,1,1
484, 86, 359, 990, 44, 31, 1,1,1
484, 83, 24, 914, 89, 79, 1,1,1
484, 7, 676, 964, 68, 83, 1,1,1
484, 5, 188, 938, 58, 67, 1,1,1
485, 86, 360, 990, 43, 31, 1,1,1
485, 83, 24, 914, 89, 78, 1,1,1
485, 7, 676, 965, 68, 82, 1,1,1
485, 5, 187, 938, 60, 67, 1,1,1
486, 86, 356, 988, 70, 34, 1,1,1
486, 83, 18, 913, 100, 86, 1,1,1
486, 7, 676, 965, 68, 82, 1,1,1
486, 5, 187, 937, 60, 68, 1,1,1
487, 86, 356, 988, 75, 34, 1,1,1
487, 83, 18, 912, 99, 86, 1,1,1
487, 7, 676, 966, 67, 81, 1,1,1
487, 5, 187, 937, 60, 68, 1,1,1
488, 86, 356, 982, 48, 37, 1,1,1
488, 83, 17, 915, 103, 84, 1,1,1
488, 7, 676, 966, 68, 81, 1,1,1
488, 5, 188, 938, 57, 67, 1,1,1
489, 86, 357, 982, 47, 37, 1,1,1
489, 83, 17, 915, 103, 84, 1,1,1
489, 7, 677, 967, 66, 80, 1,1,1
489, 5, 188, 939, 57, 66, 1,1,1
490, 86, 357, 977, 50, 44, 1,1,1
490, 83, 17, 922, 105, 78, 1,1,1
490, 7, 676, 969, 65, 77, 1,1,1
490, 5, 188, 938, 56, 67, 1,1,1
491, 86, 357, 977, 48, 43, 1,1,1
491, 83, 17, 922, 105, 78, 1,1,1
491, 7, 676, 969, 65, 77, 1,1,1
491, 5, 188, 938, 56, 67, 1,1,1
492, 86, 358, 973, 50, 51, 1,1,1
492, 83, 18, 923, 104, 72, 1,1,1
492, 7, 676, 971, 62, 75, 1,1,1
492, 5, 187, 940, 55, 64, 1,1,1
493, 86, 358, 973, 51, 51, 1,1,1
493, 83, 18, 923, 104, 72, 1,1,1
493, 7, 676, 971, 63, 74, 1,1,1
493, 5, 187, 940, 55, 64, 1,1,1
494, 86, 359, 972, 53, 50, 1,1,1
494, 83, 18, 917, 103, 63, 1,1,1
494, 7, 677, 971, 56, 75, 1,1,1
494, 5, 187, 940, 54, 64, 1,1,1
495, 86, 359, 972, 53, 50, 1,1,1
495, 83, 18, 917, 101, 63, 1,1,1
495, 7, 677, 971, 56, 75, 1,1,1
495, 5, 187, 941, 54, 63, 1,1,1
496, 86, 362, 972, 55, 52, 1,1,1
496, 83, 62, 879, 55, 104, 1,1,1
496, 7, 677, 972, 59, 73, 1,1,1
496, 5, 186, 939, 58, 66, 1,1,1
497, 86, 363, 972, 53, 52, 1,1,1
497, 83, 62, 879, 56, 105, 1,1,1
497, 7, 677, 972, 59, 73, 1,1,1
497, 5, 186, 939, 58, 65, 1,1,1
498, 86, 364, 972, 53, 52, 1,1,1
498, 7, 678, 972, 56, 73, 1,1,1
498, 5, 188, 941, 55, 62, 1,1,1
499, 86, 364, 972, 53, 52, 1,1,1
499, 7, 678, 972, 57, 73, 1,1,1
499, 5, 188, 941, 55, 62, 1,1,1
500, 86, 365, 972, 55, 53, 1,1,1
500, 7, 678, 973, 57, 73, 1,1,1
500, 5, 188, 940, 56, 63, 1,1,1
501, 86, 366, 973, 53, 53, 1,1,1
501, 7, 678, 974, 58, 72, 1,1,1
501, 5, 187, 940, 58, 63, 1,1,1
502, 86, 364, 973, 59, 53, 1,1,1
502, 7, 678, 973, 59, 73, 1,1,1
502, 5, 187, 939, 58, 66, 1,1,1
503, 86, 363, 973, 62, 53, 1,1,1
503, 7, 678, 973, 59, 73, 1,1,1
503, 5, 187, 939, 58, 66, 1,1,1
504, 86, 363, 973, 64, 53, 1,1,1
504, 7, 678, 972, 59, 74, 1,1,1
504, 5, 187, 939, 59, 65, 1,1,1
505, 86, 363, 972, 64, 54, 1,1,1
505, 7, 678, 972, 59, 74, 1,1,1
505, 5, 187, 939, 59, 65, 1,1,1
506, 86, 363, 972, 64, 54, 1,1,1
506, 7, 678, 972, 57, 74, 1,1,1
506, 5, 188, 938, 58, 66, 1,1,1
507, 86, 363, 972, 66, 54, 1,1,1
507, 7, 678, 973, 57, 74, 1,1,1
507, 5, 188, 937, 58, 67, 1,1,1
508, 86, 362, 972, 68, 54, 1,1,1
508, 7, 678, 973, 57, 74, 1,1,1
508, 5, 188, 937, 59, 67, 1,1,1
509, 86, 362, 972, 71, 54, 1,1,1
509, 7, 678, 973, 56, 74, 1,1,1
509, 5, 188, 936, 59, 68, 1,1,1
510, 86, 363, 972, 66, 54, 1,1,1
510, 7, 679, 975, 60, 72, 1,1,1
510, 5, 189, 934, 57, 69, 1,1,1
511, 86, 364, 972, 60, 54, 1,1,1
511, 7, 679, 975, 59, 72, 1,1,1
511, 5, 189, 933, 57, 70, 1,1,1
512, 86, 365, 973, 54, 53, 1,1,1
512, 7, 678, 975, 61, 71, 1,1,1
512, 5, 187, 932, 60, 72, 1,1,1
513, 86, 364, 972, 56, 53, 1,1,1
513, 7, 677, 975, 61, 71, 1,1,1
513, 5, 187, 931, 60, 73, 1,1,1
514, 86, 364, 973, 57, 53, 1,1,1
514, 7, 674, 974, 64, 72, 1,1,1
514, 5, 187, 929, 60, 76, 1,1,1
515, 86, 364, 973, 59, 53, 1,1,1
515, 7, 674, 974, 63, 72, 1,1,1
515, 5, 187, 929, 60, 76, 1,1,1
516, 86, 365, 973, 56, 53, 1,1,1
516, 7, 673, 974, 66, 73, 1,1,1
516, 5, 185, 928, 64, 77, 1,1,1
517, 86, 366, 973, 56, 53, 1,1,1
517, 7, 674, 974, 64, 73, 1,1,1
517, 5, 185, 928, 64, 77, 1,1,1
518, 86, 365, 973, 55, 52, 1,1,1
518, 7, 675, 974, 64, 73, 1,1,1
518, 5, 184, 928, 63, 76, 1,1,1
519, 86, 364, 973, 55, 52, 1,1,1
519, 7, 675, 973, 64, 74, 1,1,1
519, 5, 184, 928, 63, 76, 1,1,1
520, 86, 363, 973, 59, 53, 1,1,1
520, 7, 674, 974, 65, 74, 1,1,1
520, 5, 185, 927, 61, 77, 1,1,1
521, 86, 364, 973, 56, 53, 1,1,1
521, 7, 674, 973, 65, 74, 1,1,1
521, 5, 185, 926, 61, 78, 1,1,1
522, 86, 364, 974, 52, 51, 1,1,1
522, 7, 677, 977, 61, 71, 1,1,1
522, 5, 185, 926, 59, 78, 1,1,1
523, 86, 364, 973, 52, 52, 1,1,1
523, 7, 677, 977, 62, 71, 1,1,1
523, 5, 185, 926, 59, 78, 1,1,1
524, 86, 364, 973, 53, 52, 1,1,1
524, 7, 678, 977, 60, 72, 1,1,1
524, 5, 186, 926, 57, 77, 1,1,1
525, 86, 364, 973, 53, 52, 1,1,1
525, 7, 677, 977, 61, 71, 1,1,1
525, 5, 186, 927, 57, 76, 1,1,1
526, 86, 363, 974, 53, 53, 1,1,1
526, 7, 679, 979, 58, 70, 1,1,1
526, 5, 188, 924, 57, 80, 1,1,1
527, 86, 363, 973, 53, 54, 1,1,1
527, 7, 679, 979, 58, 70, 1,1,1
527, 5, 188, 924, 57, 80, 1,1,1
528, 86, 361, 972, 60, 56, 1,1,1
528, 7, 682, 982, 54, 66, 1,1,1
528, 5, 188, 924, 58, 80, 1,1,1
529, 86, 361, 972, 59, 56, 1,1,1
529, 7, 682, 983, 54, 65, 1,1,1
529, 5, 188, 925, 58, 79, 1,1,1
530, 86, 359, 971, 65, 56, 1,1,1
530, 7, 687, 988, 51, 57, 1,1,1
530, 5, 188, 924, 58, 79, 1,1,1
531, 86, 359, 971, 65, 56, 1,1,1
531, 7, 687, 987, 52, 58, 1,1,1
531, 5, 188, 924, 57, 79, 1,1,1
532, 86, 359, 971, 59, 56, 1,1,1
532, 7, 686, 995, 50, 50, 1,1,1
532, 5, 188, 923, 59, 82, 1,1,1
533, 86, 359, 972, 59, 55, 1,1,1
533, 7, 686, 995, 51, 50, 1,1,1
533, 5, 188, 923, 59, 82, 1,1,1
534, 86, 359, 971, 58, 54, 1,1,1
534, 7, 686, 998, 50, 49, 1,1,1
534, 5, 188, 924, 58, 81, 1,1,1
535, 86, 359, 972, 58, 53, 1,1,1
535, 7, 686, 998, 50, 49, 1,1,1
535, 5, 188, 924, 59, 81, 1,1,1
536, 86, 358, 971, 51, 51, 1,1,1
536, 7, 686, 993, 50, 53, 1,1,1
536, 5, 188, 924, 59, 80, 1,1,1
537, 86, 358, 971, 51, 51, 1,1,1
537, 7, 686, 992, 50, 55, 1,1,1
537, 5, 188, 924, 59, 80, 1,1,1
538, 86, 354, 971, 52, 50, 1,1,1
538, 7, 683, 995, 55, 52, 1,1,1
538, 5, 188, 921, 59, 83, 1,1,1
539, 86, 354, 971, 52, 50, 1,1,1
539, 7, 683, 995, 55, 52, 1,1,1
539, 5, 188, 921, 59, 83, 1,1,1
540, 86, 353, 970, 53, 50, 1,1,1
540, 7, 683, 996, 55, 51, 1,1,1
540, 5, 187, 922, 60, 82, 1,1,1
541, 93, 12, 938, 45, 43, 1,1,1
541, 86, 353, 970, 53, 50, 1,1,1
541, 7, 683, 995, 54, 51, 1,1,1
541, 5, 187, 922, 59, 81, 1,1,1
542, 93, 12, 935, 49, 47, 1,1,1
542, 86, 352, 971, 54, 49, 1,1,1
542, 7, 684, 995, 54, 51, 1,1,1
542, 5, 187, 923, 59, 80, 1,1,1
543, 93, 12, 935, 49, 47, 1,1,1
543, 86, 352, 971, 55, 49, 1,1,1
543, 7, 684, 996, 54, 50, 1,1,1
543, 5, 187, 923, 59, 80, 1,1,1
544, 93, 8, 931, 54, 50, 1,1,1
544, 86, 351, 971, 60, 49, 1,1,1
544, 7, 683, 996, 54, 50, 1,1,1
544, 5, 186, 924, 59, 79, 1,1,1
545, 93, 8, 931, 54, 50, 1,1,1
545, 86, 351, 971, 60, 49, 1,1,1
545, 7, 683, 995, 55, 52, 1,1,1
545, 5, 186, 924, 59, 79, 1,1,1
546, 93, 11, 927, 53, 53, 1,1,1
546, 86, 349, 976, 66, 44, 1,1,1
546, 7, 683, 994, 54, 52, 1,1,1
546, 5, 186, 925, 59, 78, 1,1,1
547, 93, 11, 927, 53, 53, 1,1,1
547, 86, 348, 976, 69, 44, 1,1,1
547, 7, 682, 994, 55, 52, 1,1,1
547, 5, 186, 924, 59, 79, 1,1,1
548, 93, 9, 927, 56, 53, 1,1,1
548, 86, 348, 976, 71, 45, 1,1,1
548, 7, 684, 993, 52, 53, 1,1,1
548, 5, 185, 925, 59, 78, 1,1,1
549, 93, 9, 927, 57, 53, 1,1,1
549, 86, 349, 976, 71, 45, 1,1,1
549, 7, 684, 994, 53, 52, 1,1,1
549, 5, 184, 925, 60, 78, 1,1,1
550, 93, 14, 927, 52, 53, 1,1,1
550, 86, 348, 977, 80, 44, 1,1,1
550, 7, 684, 994, 52, 52, 1,1,1
550, 5, 185, 927, 58, 77, 1,1,1
551, 93, 14, 927, 52, 53, 1,1,1
551, 86, 349, 977, 78, 44, 1,1,1
551, 7, 684, 993, 52, 53, 1,1,1
551, 5, 185, 927, 58, 77, 1,1,1
552, 93, 14, 924, 52, 56, 1,1,1
552, 86, 347, 978, 76, 43, 1,1,1
552, 7, 684, 990, 52, 56, 1,1,1
552, 5, 185, 930, 58, 74, 1,1,1
553, 93, 14, 924, 52, 56, 1,1,1
553, 86, 347, 977, 78, 44, 1,1,1
553, 7, 684, 989, 52, 57, 1,1,1
553, 5, 185, 930, 58, 74, 1,1,1
554, 93, 19, 923, 50, 59, 1,1,1
554, 86, 346, 978, 76, 43, 1,1,1
554, 7, 684, 989, 52, 57, 1,1,1
554, 5, 182, 930, 60, 74, 1,1,1
555, 93, 20, 923, 49, 59, 1,1,1
555, 86, 345, 978, 81, 43, 1,1,1
555, 7, 684, 989, 52, 57, 1,1,1
555, 5, 183, 930, 58, 74, 1,1,1
556, 93, 25, 920, 44, 65, 1,1,1
556, 86, 346, 976, 79, 45, 1,1,1
556, 7, 684, 989, 54, 57, 1,1,1
556, 5, 182, 929, 61, 75, 1,1,1
557, 93, 25, 920, 45, 66, 1,1,1
557, 86, 346, 976, 78, 45, 1,1,1
557, 7, 684, 989, 54, 57, 1,1,1
557, 5, 182, 929, 61, 75, 1,1,1
558, 93, 26, 920, 46, 64, 1,1,1
558, 86, 346, 976, 79, 46, 1,1,1
558, 7, 685, 991, 52, 55, 1,1,1
558, 5, 182, 928, 61, 77, 1,1,1
559, 93, 26, 920, 46, 64, 1,1,1
559, 86, 346, 977, 82, 45, 1,1,1
559, 7, 685, 992, 51, 54, 1,1,1
559, 5, 182, 928, 60, 77, 1,1,1
560, 93, 27, 925, 46, 60, 1,1,1
560, 86, 346, 975, 84, 47, 1,1,1
560, 7, 685, 992, 51, 54, 1,1,1
560, 5, 181, 927, 60, 79, 1,1,1
561, 93, 28, 926, 45, 59, 1,1,1
561, 86, 347, 976, 84, 46, 1,1,1
561, 7, 686, 991, 50, 55, 1,1,1
561, 5, 181, 927, 60, 79, 1,1,1
562, 93, 28, 925, 45, 60, 1,1,1
562, 86, 346, 975, 82, 46, 1,1,1
562, 7, 687, 994, 49, 52, 1,1,1
562, 5, 182, 929, 59, 76, 1,1,1
563, 93, 28, 925, 46, 60, 1,1,1
563, 86, 346, 975, 82, 46, 1,1,1
563, 7, 687, 994, 49, 52, 1,1,1
563, 5, 182, 929, 58, 76, 1,1,1
564, 93, 27, 926, 46, 58, 1,1,1
564, 86, 347, 975, 80, 46, 1,1,1
564, 7, 686, 993, 50, 53, 1,1,1
564, 5, 181, 928, 60, 76, 1,1,1
565, 93, 27, 926, 46, 58, 1,1,1
565, 86, 347, 975, 80, 46, 1,1,1
565, 7, 686, 993, 50, 53, 1,1,1
565, 5, 180, 928, 61, 78, 1,1,1
566, 93, 27, 927, 46, 56, 1,1,1
566, 86, 347, 975, 79, 46, 1,1,1
566, 7, 686, 993, 50, 53, 1,1,1
566, 5, 180, 928, 61, 77, 1,1,1
567, 93, 23, 926, 49, 57, 1,1,1
567, 86, 345, 974, 81, 47, 1,1,1
567, 7, 686, 992, 50, 54, 1,1,1
567, 5, 179, 928, 63, 77, 1,1,1
568, 93, 23, 927, 49, 55, 1,1,1
568, 86, 345, 974, 81, 47, 1,1,1
568, 7, 685, 991, 51, 55, 1,1,1
568, 5, 179, 928, 63, 77, 1,1,1
569, 93, 23, 926, 50, 58, 1,1,1
569, 86, 344, 975, 79, 46, 1,1,1
569, 7, 685, 991, 51, 55, 1,1,1
569, 5, 178, 928, 65, 77, 1,1,1
570, 93, 23, 926, 50, 58, 1,1,1
570, 86, 344, 975, 78, 46, 1,1,1
570, 7, 685, 990, 51, 56, 1,1,1
570, 5, 179, 928, 64, 77, 1,1,1
571, 93, 27, 923, 46, 60, 1,1,1
571, 86, 344, 974, 75, 47, 1,1,1
571, 7, 684, 989, 51, 57, 1,1,1
571, 5, 180, 930, 63, 75, 1,1,1
572, 93, 27, 923, 46, 61, 1,1,1
572, 86, 344, 974, 74, 47, 1,1,1
572, 7, 683, 987, 53, 59, 1,1,1
572, 5, 179, 931, 65, 74, 1,1,1
573, 93, 21, 924, 54, 60, 1,1,1
573, 86, 343, 975, 78, 46, 1,1,1
573, 7, 684, 988, 52, 59, 1,1,1
573, 5, 179, 934, 65, 69, 1,1,1
574, 93, 21, 924, 55, 60, 1,1,1
574, 86, 343, 974, 79, 47, 1,1,1
574, 7, 683, 987, 53, 60, 1,1,1
574, 5, 179, 934, 65, 69, 1,1,1
575, 93, 23, 919, 52, 64, 1,1,1
575, 86, 343, 975, 78, 46, 1,1,1
575, 7, 685, 989, 51, 58, 1,1,1
575, 5, 180, 939, 59, 64, 1,1,1
576, 93, 23, 919, 52, 63, 1,1,1
576, 86, 344, 975, 75, 46, 1,1,1
576, 7, 685, 989, 51, 57, 1,1,1
576, 5, 180, 940, 58, 63, 1,1,1
577, 93, 26, 911, 59, 71, 1,1,1
577, 86, 343, 975, 77, 46, 1,1,1
577, 7, 686, 990, 49, 55, 1,1,1
577, 5, 179, 942, 60, 62, 1,1,1
578, 93, 26, 911, 59, 71, 1,1,1
578, 86, 343, 975, 77, 46, 1,1,1
578, 7, 686, 990, 49, 55, 1,1,1
578, 5, 179, 942, 60, 61, 1,1,1
579, 93, 29, 907, 60, 76, 1,1,1
579, 86, 343, 975, 77, 46, 1,1,1
579, 7, 687, 990, 47, 55, 1,1,1
579, 5, 177, 942, 62, 62, 1,1,1
580, 96, 0, 782, 53, 80, 1,1,1
580, 93, 29, 907, 61, 75, 1,1,1
580, 86, 343, 975, 77, 46, 1,1,1
580, 7, 686, 991, 48, 54, 1,1,1
580, 5, 177, 942, 62, 62, 1,1,1
581, 96, 1, 777, 51, 82, 1,1,1
581, 93, 29, 907, 57, 76, 1,1,1
581, 86, 342, 975, 78, 46, 1,1,1
581, 7, 687, 990, 50, 56, 1,1,1
581, 5, 175, 944, 64, 61, 1,1,1
582, 96, 1, 777, 51, 82, 1,1,1
582, 93, 29, 907, 57, 76, 1,1,1
582, 86, 343, 975, 76, 46, 1,1,1
582, 7, 687, 990, 49, 55, 1,1,1
582, 5, 176, 944, 64, 61, 1,1,1
583, 96, 1, 775, 50, 89, 1,1,1
583, 93, 29, 908, 56, 76, 1,1,1
583, 86, 342, 976, 79, 45, 1,1,1
583, 7, 689, 989, 48, 53, 1,1,1
583, 5, 176, 948, 66, 57, 1,1,1
584, 96, 1, 775, 50, 89, 1,1,1
584, 93, 29, 908, 56, 76, 1,1,1
584, 86, 342, 975, 77, 46, 1,1,1
584, 7, 689, 990, 48, 52, 1,1,1
584, 5, 176, 948, 66, 57, 1,1,1
585, 96, 0, 774, 48, 94, 1,1,1
585, 93, 23, 909, 61, 74, 1,1,1
585, 86, 342, 977, 75, 43, 1,1,1
585, 7, 685, 980, 58, 64, 1,1,1
585, 5, 180, 946, 61, 57, 1,1,1
586, 96, 0, 774, 48, 94, 1,1,1
586, 93, 23, 908, 61, 75, 1,1,1
586, 86, 342, 976, 75, 45, 1,1,1
586, 7, 686, 980, 57, 64, 1,1,1
586, 5, 180, 947, 62, 56, 1,1,1
587, 96, 0, 773, 48, 96, 1,1,1
587, 93, 23, 908, 61, 75, 1,1,1
587, 86, 343, 977, 79, 44, 1,1,1
587, 7, 680, 983, 61, 64, 1,1,1
587, 5, 184, 953, 56, 52, 1,1,1
588, 96, 0, 773, 48, 96, 1,1,1
588, 93, 23, 908, 61, 75, 1,1,1
588, 86, 343, 977, 79, 44, 1,1,1
588, 7, 680, 983, 60, 64, 1,1,1
588, 5, 184, 954, 56, 51, 1,1,1
589, 96, 0, 776, 47, 95, 1,1,1
589, 93, 23, 909, 61, 75, 1,1,1
589, 86, 342, 978, 80, 43, 1,1,1
589, 7, 681, 979, 59, 69, 1,1,1
589, 5, 184, 951, 57, 53, 1,1,1
590, 96, 0, 775, 47, 95, 1,1,1
590, 93, 23, 909, 61, 74, 1,1,1
590, 86, 342, 978, 80, 43, 1,1,1
590, 7, 681, 979, 59, 69, 1,1,1
590, 5, 184, 951, 57, 53, 1,1,1
591, 96, 1, 778, 50, 93, 1,1,1
591, 93, 22, 909, 63, 74, 1,1,1
591, 86, 343, 978, 79, 43, 1,1,1
591, 7, 680, 976, 60, 72, 1,1,1
591, 5, 185, 951, 54, 53, 1,1,1
592, 96, 1, 778, 50, 93, 1,1,1
592, 93, 22, 908, 62, 75, 1,1,1
592, 86, 343, 977, 77, 44, 1,1,1
592, 7, 679, 977, 62, 71, 1,1,1
592, 5, 185, 952, 55, 52, 1,1,1
593, 96, 2, 780, 49, 90, 1,1,1
593, 93, 25, 907, 59, 76, 1,1,1
593, 86, 342, 977, 80, 44, 1,1,1
593, 7, 682, 972, 60, 76, 1,1,1
593, 5, 183, 953, 65, 51, 1,1,1
594, 96, 2, 780, 49, 89, 1,1,1
594, 93, 25, 907, 59, 76, 1,1,1
594, 86, 342, 976, 78, 45, 1,1,1
594, 7, 682, 972, 60, 76, 1,1,1
594, 5, 184, 953, 62, 51, 1,1,1
595, 96, 2, 780, 50, 91, 1,1,1
595, 93, 30, 907, 59, 77, 1,1,1
595, 86, 342, 974, 72, 46, 1,1,1
595, 7, 680, 972, 63, 76, 1,1,1
595, 5, 186, 954, 56, 51, 1,1,1
596, 96, 2, 780, 50, 92, 1,1,1
596, 93, 31, 907, 58, 77, 1,1,1
596, 86, 342, 974, 72, 46, 1,1,1
596, 7, 680, 972, 62, 76, 1,1,1
596, 5, 186, 954, 57, 51, 1,1,1
597, 96, 1, 779, 50, 96, 1,1,1
597, 93, 32, 907, 59, 78, 1,1,1
597, 86, 342, 970, 69, 49, 1,1,1
597, 7, 685, 974, 55, 76, 1,1,1
597, 5, 184, 954, 59, 51, 1,1,1
598, 96, 1, 779, 50, 96, 1,1,1
598, 93, 32, 907, 58, 78, 1,1,1
598, 86, 342, 970, 69, 49, 1,1,1
598, 7, 686, 974, 54, 76, 1,1,1
598, 5, 185, 954, 57, 51, 1,1,1
599, 96, 0, 793, 57, 80, 1,1,1
599, 93, 31, 907, 58, 79, 1,1,1
599, 86, 342, 969, 70, 49, 1,1,1
599, 7, 687, 974, 53, 76, 1,1,1
599, 5, 185, 955, 58, 50, 1,1,1
600, 96, 2, 778, 51, 93, 1,1,1
600, 93, 31, 907, 58, 79, 1,1,1
600, 86, 342, 969, 70, 49, 1,1,1
600, 7, 688, 974, 52, 76, 1,1,1